10	9
13	11
13	12
	14
	15
	16
	17
	18
	19
	20
	21
37	30
37	31
37	32
34	33
	41
	42
	43
	44
	45
	46
50	49
57	55
57	56
70	67
70	68
82	81
90	89
95	94
114	113
123	122
128	127
138	137
145	144
	234
	235
	236
	237
	238
	239
254	253
259	258
265	263
265	264
271	270
284	283
286	285
289	287
289	288
292	291
301	300
324	323
340	337
340	338
340	339
353	351
353	352
409	408
425	422
425	423
440	439
455	449
455	450
455	451
455	452
455	453
455	454
459	458
469	468
500	498
500	499
511	510
514	513
520	517
520	518
520	519
523	522
543	530
543	531
543	532
534	533
536	535
538	537
546	544
549	548
559	558
567	566
610	570
610	571
610	572
610	573
610	574
610	575
610	576
610	577
610	578
610	579
610	580
610	581
610	582
610	583
610	584
610	585
610	586
610	587
610	588
610	589
610	590
610	591
610	592
610	593
610	594
610	595
610	596
610	597
610	598
610	599
610	600
610	601
605	604
617	614
617	615
617	616
634	633
644	643
648	647
650	649
658	657
662	661
671	670
681	678
681	679
681	680
687	686
	689
692	691
713	712
	715
	716
	717
	718
	719
726	724
735	734
773	771
773	772
776	775
783	782
794	793
797	796
799	798
803	801
803	802
816	814
827	826
837	834
837	835
852	851
873	864
871	870
884	883
887	885
887	886
903	900
942	904
942	905
942	906
942	907
942	908
942	909
942	910
942	911
942	912
942	913
942	914
942	915
942	916
942	917
942	918
942	919
942	920
942	921
942	922
942	923
942	924
942	925
942	926
942	927
942	928
942	929
942	930
942	931
942	932
942	933
942	934
942	935
942	936
942	937
966	964
966	965
982	980
1005	1002
1005	1003
1005	1004
1009	1008
1022	1021
1036	1035
	1046
1053	1052
1059	1058
1064	1061
1064	1062
1064	1063
1080	1079
1083	1081
1119	1098
1119	1099
1119	1100
1119	1101
1119	1102
1119	1103
1119	1104
1119	1105
1119	1106
1119	1107
1141	1139
1156	1155
1181	1180
1222	1184
1222	1185
1222	1186
1222	1187
1222	1188
1222	1189
1222	1190
1222	1191
1222	1192
1222	1193
1222	1194
1198	1197
1202	1200
1204	1203
	1207
	1208
	1209
	1210
	1211
	1212
	1213
	1214
	1215
	1216
1221	1219
1243	1240
1243	1241
1261	1259
1279	1278
1284	1283
	1304
	1305
1308	1307
1324	1323
1327	1326
1345	1337
1345	1338
1344	1341
1343	1342
1347	1346
1354	1353
1361	1359
1361	1360
	1380
	1381
1404	1390
	1391
	1392
	1393
	1394
	1395
	1396
	1397
	1398
	1399
	1400
	1401
	1402
	1403
	1405
	1406
	1407
1409	1408
1433	1431
1433	1432
1474	1469
1474	1470
1488	1487
1493	1491
1508	1507
1516	1515
1522	1519
1522	1520
1522	1521
1526	1525
	1529
	1530
	1531
	1532
	1533
1537	1536
1543	1542
1547	1545
1547	1546
1551	1550
1553	1552
1555	1554
1557	1556
1563	1562
1567	1566
1570	1569
	1571
1614	1613
1620	1619
	1626
1636	1635
1641	1640
1644	1642
1644	1643
1652	1650
	1658
	1659
1662	1661
1677	1676
1679	1678
1683	1682
	1684
1720	1709
1720	1710
1720	1711
1713	1712
1715	1714
1719	1718
1730	1727
1730	1728
1734	1733
1739	1738
	1743
	1744
	1745
	1746
	1747
	1748
1757	1752
1754	1753
1762	1760
1767	1766
1773	1772
1775	1774
1784	1783
1801	1800
1841	1839
1851	1850
1860	1858
1860	1859
1874	1873
1886	1885
1911	1892
1911	1893
1911	1894
1911	1895
1911	1896
1911	1897
1911	1898
1911	1899
	1900
	1901
	1902
	1903
	1904
	1905
	1906
1908	1907
1916	1914
1916	1915
1924	1923
1936	1935
1943	1942
	1944
	1945
	1946
	1947
1952	1951
1961	1957
1971	1965
1974	1972
1974	1973
	1981
	1982
	1983
	1984
	1985
	1986
	1987
	1988
	1989
	1990
	1991
	1992
	1993
2009	2008
	2013
	2014
	2015
	2016
	2017
	2018
	2019
	2020
	2021
	2024
	2025
2032	2031
2034	2033
	2035
	2036
2041	2040
	2047
2055	2053
2055	2054
2058	2057
2065	2064
2071	2070
2077	2074
2077	2075
2077	2076
2085	2084
2090	2089
2100	2098
2104	2103
2114	2113
2130	2129
2133	2132
2138	2137
2150	2148
	2149
2153	2152
2160	2159
2162	2161
2177	2176
2179	2178
2186	2185
2189	2188
2204	2202
2214	2213
2220	2219
2235	2226
2235	2227
2235	2228
2235	2229
2235	2230
2247	2246
2261	2260
2271	2266
2271	2267
2275	2274
	2277
	2278
	2279
2290	2289
2298	2297
	2303
	2304
	2305
	2306
	2307
	2308
	2309
	2310
	2311
	2312
	2313
	2314
	2315
	2316
	2317
	2318
	2319
	2320
	2321
	2322
2324	2323
2328	2327
2331	2330
	2332
	2333
	2334
	2335
	2336
	2337
	2338
	2339
	2340
	2341
	2342
	2343
2355	2345
2355	2346
2355	2347
2355	2348
2355	2349
2355	2350
2355	2351
2355	2352
2355	2353
2355	2354
2360	2357
2360	2358
2360	2359
2363	2361
2363	2362
	2364
	2365
	2366
	2367
	2368
	2369
	2370
	2371
2374	2373
2384	2383
2395	2394
2397	2396
2403	2402
2423	2419
2472	2450
2472	2451
2472	2452
2472	2453
2472	2454
2472	2455
2472	2456
2472	2457
2472	2458
2472	2459
2472	2460
2472	2461
2472	2462
2472	2463
	2464
	2465
	2466
	2467
	2468
	2478
2480	2479
2490	2489
2496	2495
2511	2510
2523	2522
2531	2530
2539	2538
2574	2573
2577	2575
2577	2576
2586	2585
2597	2593
2597	2594
2597	2595
2617	2616
2625	2623
2625	2624
2627	2626
2629	2628
2639	2637
2639	2638
2644	2643
	2647
	2648
2652	2651
2659	2658
2682	2681
2806	2699
2806	2700
2806	2701
2806	2702
2806	2703
2806	2704
2806	2705
2806	2706
2806	2707
2806	2708
2806	2709
2806	2710
2806	2711
2806	2712
2806	2713
2806	2714
2806	2715
2806	2716
2806	2717
2806	2718
2806	2719
2806	2720
2806	2721
2806	2722
2806	2723
2806	2724
2806	2725
2806	2726
2806	2727
2806	2728
2806	2729
2806	2730
2806	2731
2806	2732
2806	2733
2806	2734
2806	2735
2806	2736
2806	2737
2806	2738
2806	2739
2806	2740
2806	2741
2806	2742
2806	2743
2806	2744
2806	2745
2806	2746
2806	2747
2806	2748
2806	2749
2806	2750
2806	2751
2806	2752
2806	2753
2806	2754
2806	2755
2806	2756
2806	2757
2806	2758
2806	2759
2806	2760
2806	2761
2806	2762
2806	2763
2806	2764
2806	2765
2806	2766
2806	2767
2806	2768
2806	2769
2806	2770
2806	2771
2806	2772
2806	2773
2806	2774
2806	2775
2806	2776
2806	2777
2806	2778
2806	2779
2806	2780
2806	2781
2806	2782
2806	2783
2806	2784
2806	2785
2806	2786
2806	2787
2806	2788
2806	2789
2806	2790
2806	2791
2806	2792
2806	2793
2806	2794
2806	2795
2798	2796
2798	2797
2827	2825
2827	2826
2836	2833
2836	2834
2842	2839
2842	2840
2842	2841
2845	2844
2849	2846
2849	2847
2849	2848
2855	2853
2855	2854
	2860
2862	2861
2865	2864
2870	2869
2873	2871
2888	2887
2892	2889
2892	2890
2930	2928
2930	2929
2935	2933
2935	2934
2984	2983
2991	2989
3016	3015
3030	3028
3030	3029
3043	3042
3046	3045
3050	3049
3060	3059
	3063
	3064
	3065
	3066
	3067
	3068
3071	3069
3071	3070
3092	3091
	3097
	3098
	3099
3106	3105
3120	3119
3123	3122
3129	3128
3132	3130
3132	3131
3137	3134
3136	3135
3140	3139
3144	3143
3160	3158
3160	3159
3162	3161
3164	3163
3173	3169
3173	3170
3180	3179
3188	3187
3192	3191
3197	3196
3210	3199
3210	3200
3210	3201
3210	3202
3210	3203
3210	3204
3210	3205
3210	3206
3210	3207
3210	3208
3210	3209
3217	3216
3219	3218
3223	3222
3236	3234
3246	3245
3294	3293
3297	3296
3313	3312
3317	3316
	3340
3345	3344
3347	3346
3349	3348
3355	3354
	3359
3366	3365
3376	3375
3382	3381
3387	3386
3395	3394
3401	3400
3409	3408
3416	3415
3418	3417
3421	3420
3442	3440
3442	3441
3466	3465
3491	3485
3491	3486
3491	3487
3491	3488
3491	3489
3491	3490
3509	3508
3514	3513
3528	3527
3532	3531
3535	3534
3540	3539
3550	3549
	3552
3557	3554
3557	3555
3557	3556
3559	3558
3561	3560
3567	3563
3567	3564
3567	3565
3567	3566
3585	3584
3601	3598
3600	3599
3619	3612
3619	3613
3617	3616
3640	3639
3644	3642
	3643
3664	3663
	3677
	3678
	3679
	3680
	3681
	3682
	3683
3688	3687
3707	3706
3734	3715
3734	3716
3734	3717
3734	3718
3734	3719
3734	3720
	3721
	3722
	3723
	3724
	3725
	3726
	3727
	3728
	3729
	3730
	3731
	3732
3753	3752
3758	3757
3760	3759
3767	3766
3775	3774
3779	3778
3782	3781
3787	3785
3790	3789
3803	3802
3806	3805
3818	3817
3835	3834
3838	3836
3838	3837
3842	3839
3844	3843
3846	3845
3876	3874
	3887
	3888
	3889
	3890
	3891
	3892
3894	3893
3904	3903
	3911
3926	3925
3936	3933
3936	3934
3946	3944
3946	3945
3953	3950
3953	3951
3963	3962
3967	3966
	3968
	3969
	3970
3972	3971
3979	3978
3999	3994
3999	3995
4001	4000
4013	4009
4013	4010
4013	4011
4013	4012
4015	4014
4020	4019
4037	4028
4037	4029
4037	4030
4037	4031
4037	4032
4037	4033
4037	4034
4037	4035
4039	4038
4050	4046
4050	4047
4050	4048
4050	4049
	4058
4061	4059
4061	4060
4084	4083
4087	4086
	4110
4123	4122
4138	4137
4144	4142
4144	4143
4150	4149
4164	4160
4164	4161
4164	4162
4166	4165
4172	4171
4195	4193
4195	4194
4199	4198
4217	4216
4221	4220
	4239
	4240
	4241
	4242
	4243
	4244
	4245
	4246
	4247
	4248
	4249
	4250
	4251
	4252
	4253
	4254
	4255
4282	4281
4286	4285
4288	4287
4295	4294
4299	4298
4305	4302
4305	4303
	4304
4307	4306
	4308
	4309
4311	4310
	4313
	4314
4322	4319
4322	4320
4322	4321
	4325
4329	4328
4338	4337
4376	4375
4407	4384
4407	4385
4407	4386
4407	4387
4407	4388
4407	4389
4407	4390
4407	4391
4407	4392
4407	4393
4407	4394
4407	4395
4407	4396
4407	4397
4407	4398
4407	4399
	4400
4404	4403
4414	4411
4414	4412
4414	4413
4416	4415
4431	4430
	4433
4438	4437
4441	4440
4444	4443
4448	4446
4448	4447
4450	4449
4455	4454
4457	4456
4460	4458
4460	4459
4468	4466
4479	4478
4488	4487
4492	4491
4494	4493
4500	4499
	4507
	4508
4542	4541
4566	4555
4566	4556
4566	4557
4566	4558
4566	4559
	4561
4565	4564
4577	4576
4593	4590
4593	4591
4614	4613
	4622
4628	4627
	4633
	4634
	4660
4669	4668
4675	4670
4675	4671
4675	4672
4678	4676
4684	4682
4684	4683
4687	4686
4689	4688
4692	4691
4698	4696
4698	4697
4701	4700
4714	4712
4721	4717
4720	4719
4728	4727
4734	4731
4795	4745
4795	4746
4795	4747
4795	4748
4765	4764
4772	4770
4772	4771
4789	4781
4789	4782
4789	4783
4789	4784
	4785
4787	4786
4799	4797
4799	4798
4817	4814
	4815
4829	4828
	4831
	4832
4842	4841
4846	4843
4846	4844
4848	4847
4859	4858
4861	4860
4873	4872
4880	4879
4932	4931
4961	4951
4961	4952
4961	4953
4961	4954
4961	4955
4957	4956
	4962
4985	4984
4988	4987
4991	4990
5001	5000
5014	5013
5019	5018
	5035
	5036
	5037
5049	5048
5054	5053
	5066
	5067
	5068
	5069
	5070
	5071
	5072
	5073
	5074
5076	5075
5080	5079
5082	5081
	5095
	5096
5114	5113
	5116
	5117
	5118
	5119
	5120
	5121
	5122
	5123
	5124
	5125
	5126
	5127
	5128
	5129
	5130
	5131
	5132
	5133
	5134
	5135
	5141
	5142
	5143
5145	5144
5165	5164
5190	5189
5204	5203
5215	5214
5217	5216
5237	5236
5241	5240
5243	5242
5246	5245
5250	5248
5250	5249
5256	5255
5259	5258
5265	5264
5267	5266
	5278
5284	5283
5299	5297
5306	5304
5306	5305
5312	5311
5334	5333
5358	5357
5362	5361
5377	5376
5395	5394
5399	5398
5413	5412
	5416
	5417
	5418
5427	5425
5427	5426
5437	5436
5441	5440
5445	5444
5464	5457
5459	5458
5462	5461
5468	5467
5486	5485
5498	5494
5506	5505
5509	5508
5522	5521
5529	5528
5531	5530
5539	5538
5542	5541
5564	5563
5567	5566
5575	5574
5579	5578
5584	5583
5597	5596
5611	5609
5611	5610
5617	5616
5622	5621
5624	5623
5626	5625
5631	5630
5635	5633
5635	5634
5641	5640
5647	5646
5649	5648
5662	5661
5665	5664
5673	5672
5677	5676
	5688
	5689
	5690
	5691
	5692
	5693
	5694
	5695
	5696
	5697
	5698
	5699
	5700
	5701
	5702
5722	5720
5727	5726
5734	5733
5742	5741
5746	5744
5746	5745
5749	5747
5749	5748
5758	5757
5761	5759
	5767
	5768
	5769
	5770
	5771
5773	5772
5776	5775
5787	5786
5816	5815
5883	5882
5896	5890
5896	5891
5896	5892
	5893
	5894
	5895
5901	5897
5901	5898
5901	5899
5901	5900
5904	5902
5904	5903
5924	5916
5924	5917
5924	5918
5924	5919
	5920
	5921
	5922
5959	5957
5959	5958
5967	5964
5967	5965
5988	5987
5990	5989
5992	5991
5997	5996
6003	5998
6003	5999
6003	6000
6003	6001
6003	6002
6006	6005
6032	6016
6032	6017
6032	6018
6032	6019
6032	6020
6032	6021
6032	6022
	6023
6050	6049
6057	6055
6057	6056
6074	6073
6079	6076
6079	6077
6115	6114
6122	6121
6125	6124
6130	6129
6133	6132
6140	6139
6145	6144
6153	6149
6153	6150
6153	6151
6153	6152
6155	6154
6158	6157
6191	6190
6202	6201
6223	6222
6232	6231
	6235
	6236
	6237
	6238
	6239
6241	6240
6256	6253
6268	6267
6272	6271
6276	6275
6279	6277
6279	6278
6281	6280
6290	6288
6290	6289
6310	6309
6315	6314
6333	6332
6335	6334
6351	6339
6351	6340
6351	6341
6351	6342
6351	6343
6351	6344
6351	6345
6351	6346
6351	6347
6351	6348
6351	6349
	6350
6354	6353
6376	6375
6384	6377
6384	6378
6384	6379
6384	6380
6384	6381
6384	6382
6384	6383
6401	6389
6401	6390
6401	6391
6401	6392
6401	6393
6401	6394
6401	6395
6401	6396
6401	6397
6401	6398
6406	6405
6408	6407
6410	6409
6412	6411
	6413
	6414
	6415
	6416
6444	6443
6456	6455
6469	6467
6481	6478
	6483
6487	6486
6491	6490
6499	6498
6507	6505
6509	6508
6527	6524
6527	6525
6527	6526
6533	6531
6533	6532
6536	6535
	6538
	6539
	6540
6554	6552
6554	6553
6568	6567
6576	6575
6580	6579
6582	6581
6587	6586
	6590
	6591
6595	6594
6600	6599
	6605
	6606
	6607
6609	6608
6621	6620
6623	6622
6625	6624
6627	6626
6634	6633
6640	6639
6642	6641
6644	6643
6652	6651
6816	6653
6816	6654
6816	6655
6816	6656
6816	6657
6816	6658
6816	6659
6816	6660
6816	6661
6816	6662
6816	6663
6816	6664
6816	6665
6816	6666
6816	6667
6816	6668
6816	6669
6816	6670
6816	6671
6816	6672
6816	6673
6816	6674
6816	6675
6816	6676
6816	6677
6816	6678
6816	6679
6816	6680
6816	6681
6816	6682
6816	6683
6816	6684
6816	6685
6816	6686
6816	6687
6816	6688
6816	6689
6816	6690
6816	6691
6816	6692
6816	6693
6816	6694
6816	6695
6816	6696
6816	6697
6816	6698
6816	6699
6816	6700
6816	6701
6816	6702
6816	6703
6816	6704
6816	6705
6816	6706
6816	6707
6816	6708
6816	6709
6816	6710
6816	6711
6816	6712
6816	6713
6816	6714
6816	6715
6816	6716
6816	6717
6816	6718
6816	6719
6816	6720
6816	6721
6816	6722
6816	6723
6816	6724
6816	6725
6816	6726
6816	6727
6816	6728
6816	6729
6816	6730
6816	6731
6816	6732
6816	6733
6816	6734
6816	6735
6816	6736
6816	6737
6816	6738
6816	6739
6816	6740
6816	6741
6816	6742
6816	6743
6816	6744
6816	6745
6816	6746
6816	6747
6816	6748
6816	6749
6816	6750
6816	6751
6816	6752
6816	6753
6816	6754
6816	6755
6816	6756
6816	6757
6816	6758
6816	6759
6816	6760
6816	6761
6816	6762
6816	6763
6816	6764
6816	6765
6816	6766
6816	6767
6816	6768
6816	6769
6816	6770
6816	6771
6816	6772
6816	6773
6816	6774
6816	6775
6816	6776
6816	6777
6816	6778
6816	6779
6816	6780
6816	6781
6816	6782
6816	6783
6816	6784
6816	6785
6816	6786
6816	6787
6816	6788
6816	6789
6816	6790
6816	6791
6816	6792
6816	6793
6816	6794
6816	6795
6816	6796
6816	6797
6816	6798
6816	6799
6803	6800
6803	6801
6803	6802
6806	6805
6813	6811
6813	6812
6823	6822
6935	6836
6935	6837
6935	6838
6935	6839
6935	6840
6935	6841
6935	6842
6935	6843
6935	6844
6935	6845
6935	6846
6935	6847
6935	6848
6935	6849
6935	6850
6935	6851
6935	6852
6935	6853
6935	6854
6935	6855
6935	6856
6935	6857
6935	6858
6935	6859
6935	6860
6935	6861
6935	6862
6935	6863
6935	6864
6935	6865
6935	6866
6935	6867
6935	6868
6935	6869
6935	6870
6935	6871
6935	6872
6935	6873
6935	6874
6935	6875
6935	6876
6935	6877
6935	6878
6935	6879
6935	6880
6935	6881
6935	6882
6935	6883
6935	6884
6935	6885
6935	6886
6935	6887
6935	6888
6935	6889
6935	6890
6935	6891
6935	6892
6935	6893
6935	6894
6935	6895
6935	6896
6935	6897
6935	6898
6935	6899
6935	6900
6935	6901
6935	6902
6935	6903
6935	6904
6935	6905
6935	6906
6935	6907
6935	6908
6935	6909
6935	6910
6935	6911
6935	6912
6935	6913
6935	6914
6935	6915
6935	6916
6935	6917
6935	6918
6935	6919
6935	6920
6935	6921
6935	6922
6935	6923
6935	6924
6935	6925
6935	6926
6935	6927
6935	6928
6935	6929
6932	6930
6932	6931
6934	6933
6938	6937
6943	6942
6949	6947
6949	6948
6953	6951
6953	6952
6957	6956
	6963
6967	6965
6970	6969
6972	6971
6977	6976
7008	6999
7008	7000
7008	7001
7008	7002
7008	7003
7008	7004
7008	7005
7008	7006
7008	7007
7021	7020
7028	7027
7037	7030
7034	7033
7043	7042
7048	7046
7048	7047
7050	7049
7052	7051
7060	7053
7060	7054
7060	7055
7060	7056
7060	7057
7060	7058
7064	7063
7067	7066
7078	7072
7078	7073
7078	7074
7078	7075
7078	7076
7081	7079
7081	7080
7103	7097
7103	7098
7103	7099
7103	7100
7103	7101
7103	7102
7113	7112
7157	7153
7156	7155
7159	7158
7161	7160
7171	7168
7171	7169
7171	7170
7180	7179
7184	7183
7186	7185
7188	7187
7193	7192
7196	7195
7204	7203
7210	7209
7214	7212
7214	7213
7222	7221
	7225
7234	7231
7234	7232
7234	7233
7241	7240
	7244
	7245
	7246
	7247
	7248
	7249
	7250
	7251
	7252
	7253
	7254
7260	7259
7266	7265
	7270
7277	7276
7292	7291
7330	7329
	7331
	7332
	7333
	7334
	7335
	7336
	7337
	7338
	7339
	7340
	7341
	7342
	7343
	7344
	7345
	7346
	7347
	7348
	7349
	7350
	7351
	7352
	7353
	7354
	7355
	7356
	7357
	7358
	7359
	7360
	7361
	7362
	7363
	7364
	7365
	7366
	7367
	7368
	7369
	7370
	7371
	7372
	7373
	7374
	7375
	7376
	7377
	7378
	7379
	7380
	7381
	7382
	7383
	7384
	7385
	7386
	7387
	7388
	7391
7411	7399
7411	7400
7411	7401
7411	7402
7411	7403
7409	7408
7414	7413
7430	7428
7435	7434
7447	7439
7447	7440
7447	7441
7447	7442
7445	7444
7460	7457
7460	7458
7460	7459
7480	7462
7480	7463
7480	7464
7480	7465
7480	7466
7480	7467
7480	7468
7480	7469
7480	7470
7480	7471
7480	7472
7480	7473
7480	7474
7480	7475
7480	7476
7480	7477
7485	7484
7496	7495
7505	7504
	7506
	7507
	7508
	7509
	7510
	7511
	7512
	7513
	7514
7531	7530
7534	7532
7540	7539
7543	7542
7545	7544
7571	7568
7571	7569
7571	7570
7578	7574
7578	7575
7578	7576
7578	7577
7597	7596
7603	7602
7615	7610
7612	7611
7645	7643
7656	7653
	7659
	7660
	7661
	7662
	7663
	7664
	7665
	7666
	7667
7672	7671
7677	7674
7677	7675
7677	7676
	7692
	7693
	7694
	7701
	7702
	7703
	7704
	7705
	7706
	7707
	7708
	7709
	7710
	7711
	7712
	7713
	7714
	7715
	7716
	7717
	7718
	7719
	7720
	7721
	7722
	7723
	7724
	7725
	7726
	7727
	7728
7745	7744
7748	7747
7750	7749
7761	7759
7761	7760
7764	7763
7770	7769
	7783
	7784
	7785
	7786
	7787
	7788
	7789
	7790
	7791
	7792
	7793
7816	7815
7841	7840
7843	7842
7849	7848
7859	7858
7861	7860
7863	7862
7867	7866
7879	7878
	7884
	7885
	7886
7896	7895
	7898
	7899
7925	7923
7928	7927
7935	7934
	7936
	7937
	7939
	7940
	7941
	7942
	7943
	7944
	7945
7949	7947
7949	7948
8013	8011
	8012
8015	8014
8116	8112
8116	8113
8116	8114
8116	8115
8136	8135
	8305
8318	8317
	8375
8550	8548
	8549
8693	8687
8693	8688
8693	8689
8693	8690
8693	8691
8693	8692
8859	8858
8884	8883
	8910
	9107
9218	9216
9218	9217
9231	9230
	9258
9305	9302
9356	9355
9382	9380
9382	9381
9475	9473
	9474
9545	9544
9610	9608
9610	9609
9614	9613
	9624
	9625
	9626
	9648
	9661
	9678
9762	9761
9861	9860
9865	9864
9969	9968
10007	10004
10007	10005
10011	10006
10070	10067
10074	10071
	10090
	10091
10141	10140
	10157
	10158
10240	10238
10240	10239
10330	10329
	10338
	10389
	10390
	10507
10602	10601
10646	10645
10974	10973
11115	11110
11115	11111
11115	11112
11115	11113
11119	11114
	11189
	11190
	11191
	11192
	11193
	11194
	11195
	11196
	11197
	11198
	11199
	11200
11495	11493
11495	11494
11549	11544
11549	11545
11549	11546
11549	11547
	11795
11826	11825
11871	11870
11895	11894
12114	12113
12125	12117
12125	12118
12125	12119
12125	12120
12125	12121
12125	12122
12125	12123
12125	12124
12176	12171
	12181
12375	12374
12379	12378
12396	12395
	12416
12526	12525
12672	12671
12735	12733
12735	12734
	13104
	13271
	13272
	13273
	13274
13304	13303
	13313
13378	13377
	13584
	13585
13685	13682
	14200
	14201
	14202
14440	14439
14458	14453
14486	14481
14486	14482
14486	14483
14486	14484
14486	14485
	14524
	14525
	14526
14602	14600
14602	14601
	14690
	14691
	14692
14695	14694
	14805
14857	14855
15004	15003
15009	15008
	15091
15242	15241
	15307
	15482
	15483
	15484
15533	15532
15550	15549
15611	15610
15670	15669
15702	15698
15702	15699
15702	15700
15706	15701
	15779
15785	15781
16043	16042
16093	16091
16093	16092
16112	16111
16159	16152
16159	16153
16159	16154
16159	16155
16159	16156
16159	16157
16159	16158
	16161
	16162
	16166
	16167
	16168
	16169
	16208
16211	16209
16211	16210
16247	16246
	16322
16357	16356
	16388
16428	16427
16563	16562
16588	16587
16612	16611
16620	16618
16624	16619
16702	16701
	16714
16768	16767
16850	16849
16893	16891
	16892
	16905
	17089
	17090
17108	17106
17108	17107
17161	17160
	17226
	17227
	17228
17290	17289
17367	17366
17474	17472
17474	17473
17588	17583
17588	17584
17588	17585
17588	17586
17588	17587
17678	17677
17765	17763
17765	17764
17775	17774
17798	17797
17875	17874
	17896
	17930
17961	17960
17971	17969
17971	17970
17999	17997
17999	17998
	18021
	18170
	18171
18228	18227
18274	18272
18274	18273
18292	18291
18353	18345
18353	18346
18353	18347
18353	18348
18353	18349
18353	18350
18353	18351
18353	18352
18476	18474
18480	18475
18565	18560
18879	18877
18879	18878
18942	18941
	19041
19078	19077
	19183
19659	19654
19676	19671
	19757
19791	19790
19798	19796
19959	19958
	20252
20269	20268
	20312
	20313
	20314
	20315
20405	20402
20405	20403
	20461
20490	20489
20512	20511
20614	20609
20663	20659
20749	20748
	20842
	20843
21163	21162
21385	21384
21543	21537
21543	21538
21543	21539
21543	21540
21543	21541
21547	21542
	21724
	21725
21733	21732
	21771
21779	21775
	21960
22169	22168
22178	22177
22244	22242
22244	22243
22355	22354
	22596
	22613
	22614
22677	22676
	23049
23201	23200
23298	23295
23298	23296
23298	23297
23466	23465
23607	23606
	23629
23635	23634
23960	23958
23960	23959
24093	24092
24416	24415
	24436
	24437
	24438
	24439
	24440
	24441
	24442
24490	24485
24765	24764
24939	24938
	24967
	25082
25098	25097
	25265
	25266
	25267
	25268
	25269
	25270
	25271
25508	25504
25642	25641
25755	25748
25755	25749
25755	25750
25755	25751
25755	25752
25755	25753
25759	25754
25960	25951
25960	25952
25960	25953
25960	25954
25960	25955
26015	26009
26015	26010
26015	26011
26015	26012
26015	26013
26015	26014
	26045
26059	26057
26059	26058
	26171
26396	26395
	26405
	26406
	26543
26635	26634
26648	26647
27243	27239
27243	27240
27247	27241
27247	27242
27295	27293
27295	27294
27359	27357
27359	27358
	27379
27405	27404
	27412
27599	27593
27599	27594
27599	27595
27599	27596
27599	27597
27599	27598
27642	27636
27642	27637
27642	27638
27642	27639
27642	27640
27642	27641
27670	27669
27749	27745
27767	27766
27826	27825
27868	27866
27971	27970
28158	28152
28158	28153
28158	28154
28158	28155
28158	28156
28162	28157
	28276
	28277
	28278
28418	28414
28418	28415
28418	28416
28418	28417
28476	28474
28476	28475
	28500
28624	28623
	28674
	28781
28820	28819
28905	28904
	28950
	28951
	28952
	28953
	28954
28984	28983
	29044
29170	29169
29177	29176
	29237
29367	29361
29367	29362
	29503
	29504
	29511
	29512
	29513
29520	29519
	29563
29583	29581
29583	29582
	29586
	29587
	29588
	29589
	29590
	29591
	29592
	29593
	29594
	29599
	29600
	29601
	29602
	29603
	29604
	29605
	29617
	29618
	29638
	29659
29765	29763
29765	29764
	29785
	29786
29830	29829
	29936
	29966
29978	29977
30007	30006
30065	30064
	30154
30190	30185
	30299
	30379
30520	30519
30656	30654
30656	30655
30667	30666
	30737
	30738
	30739
	30740
	30741
	30742
	30743
	30744
	30745
	30746
	30747
	30748
	30749
	30750
	30751
	30752
	30753
	30754
	30755
	30756
	30757
	30758
30988	30985
30988	30986
30988	30987
	30996
	31185
31223	31222
31272	31271
31485	31484
31564	31562
31568	31563
31615	31613
31615	31614
	31677
	31678
31710	31708
31710	31709
31750	31749
	31792
	32013
	32014
	32015
	32016
	32061
32080	32077
32080	32078
32080	32079
32156	32155
	32164
	32165
32280	32279
32440	32439
	32486
	32487
32490	32488
32490	32489
	32624
	32627
	32628
	32629
	32630
	32745
	32746
32898	32895
	33074
	33237
33463	33458
33463	33459
33463	33460
33463	33461
33464	33462
33523	33522
	33676
	33677
	33678
	33679
	33680
33806	33803
33806	33804
33806	33805
	33817
	33820
	33821
	33822
	33823
	33826
	33827
33917	33916
33934	33933
33961	33958
33968	33967
34030	34029
34049	34048
	34065
	34066
	34067
	34068
	34069
	34070
	34071
	34072
	34073
	34085
	34086
	34087
	34088
	34089
	34452
	34453
	34454
	34455
	34456
	34457
	34486
34562	34560
34562	34561
	34598
34633	34631
34633	34632
	34643
34687	34686
	34693
	34787
	34856
34880	34878
34880	34879
34889	34888
34936	34934
34936	34935
35008	35007
35013	35010
	35011
35016	35012
35103	35102
35109	35108
35159	35157
35159	35158
35264	35262
35349	35348
	35371
35458	35453
35458	35454
35458	35455
35458	35456
35462	35457
	35470
35477	35476
	35484
35493	35490
35494	35491
35494	35492
35599	35598
35709	35708
35711	35710
35713	35712
35715	35714
35717	35716
35719	35718
35721	35720
35723	35722
35725	35724
35727	35726
35730	35729
35732	35731
35734	35733
35736	35735
35738	35737
35740	35739
35743	35742
35745	35744
35751	35750
35787	35786
	35788
	35789
35794	35793
35805	35804
35814	35810
35814	35811
35814	35812
35814	35813
35830	35829
35837	35834
35837	35835
35837	35836
35843	35842
35845	35844
35854	35850
35854	35851
35854	35852
35854	35853
35862	35860
35862	35861
35865	35864
35875	35872
35875	35873
35875	35874
35881	35877
35881	35878
35881	35879
35881	35880
35887	35883
35887	35884
35887	35885
35887	35886
35904	35896
35904	35897
35904	35898
35904	35899
35904	35900
35904	35901
	35902
	35903
35910	35908
35910	35909
35939	35937
	35938
35946	35945
	35961
35972	35966
35972	35967
35972	35968
35972	35969
	35970
	35971
35983	35982
35995	35994
36014	36000
36014	36001
36014	36002
36014	36003
36014	36004
36014	36005
36014	36006
36014	36007
36014	36008
36014	36009
36014	36010
36014	36011
36043	36024
36043	36025
36043	36026
36043	36027
36043	36028
36043	36029
36043	36030
36043	36031
36043	36032
36043	36033
36043	36034
36043	36035
36043	36036
36043	36037
36043	36038
36043	36039
36043	36040
36043	36041
36043	36042
36046	36044
36046	36045
36059	36057
	36058
36067	36066
36075	36070
36075	36071
36075	36072
36075	36073
36075	36074
36095	36086
36095	36087
	36088
	36089
	36090
	36091
	36092
36096	36093
36096	36094
36105	36099
36105	36100
36105	36101
36105	36102
36105	36103
36105	36104
36110	36107
36110	36108
36110	36109
36113	36112
36130	36119
36130	36120
36130	36121
36130	36122
36130	36123
36130	36124
36130	36125
36130	36126
36130	36127
36130	36128
36130	36129
36148	36144
36148	36145
36148	36146
	36147
36153	36149
36153	36150
36153	36151
36153	36152
36157	36155
	36156
36159	36158
36164	36163
36174	36171
36174	36172
36174	36173
36185	36176
36185	36177
36185	36178
36185	36179
36185	36180
36183	36181
36183	36182
36189	36188
36192	36191
36205	36204
36209	36206
36209	36207
36209	36208
36230	36212
36230	36213
36230	36214
36230	36215
36230	36216
36230	36217
36230	36218
36230	36219
36230	36220
36230	36221
36230	36222
36230	36223
36230	36224
36230	36225
	36226
	36227
	36228
	36229
36235	36233
	36234
36245	36244
36250	36248
36263	36262
36276	36271
36276	36272
36276	36273
36277	36274
36277	36275
36279	36278
	36307
	36308
	36309
36317	36315
	36316
36321	36318
36321	36319
	36320
36323	36322
36331	36328
36331	36329
36331	36330
36336	36335
36361	36346
36361	36347
36361	36348
36361	36349
36361	36350
36361	36351
36361	36352
36361	36353
36361	36354
36361	36355
36361	36356
36361	36357
36361	36358
36361	36359
36366	36365
	36373
	36374
	36375
	36376
	36377
	36378
	36379
	36380
	36381
	36382
36388	36387
36490	36408
36490	36409
36490	36410
36490	36411
36490	36412
36490	36413
36490	36414
36490	36415
36490	36416
36490	36417
36490	36418
36490	36419
36490	36420
36490	36421
36490	36422
36490	36423
36490	36424
36490	36425
36490	36426
36490	36427
36490	36428
36490	36429
36490	36430
36490	36431
36490	36432
36490	36433
36490	36434
36490	36435
36490	36436
36490	36437
36490	36438
36490	36439
36490	36440
36490	36441
36490	36442
36490	36443
36490	36444
36490	36445
36490	36446
36490	36447
36490	36448
36490	36449
36490	36450
36490	36451
36490	36452
36490	36453
36490	36454
36490	36455
36490	36456
36490	36457
36490	36458
36490	36459
36490	36460
36490	36461
36490	36462
36490	36463
36490	36464
36490	36465
36490	36466
36490	36467
36490	36468
36490	36469
36490	36470
36490	36471
36490	36472
36490	36473
36490	36474
36490	36475
36490	36476
36490	36477
36490	36478
36490	36479
36490	36480
36490	36481
36490	36482
36490	36483
36490	36484
36490	36485
36490	36486
36490	36487
36490	36488
36490	36489
36493	36492
36499	36496
36499	36497
36499	36498
36505	36502
36505	36503
36505	36504
36508	36507
36511	36510
36531	36515
36531	36516
36531	36517
36531	36518
36531	36519
36531	36520
36531	36521
36531	36522
36531	36523
36531	36524
36531	36525
36531	36526
36531	36527
36531	36528
36531	36529
36531	36530
36543	36532
36543	36533
36543	36534
36543	36535
36543	36536
36543	36537
36543	36538
36543	36539
36543	36540
36544	36541
	36542
36560	36557
36560	36558
	36559
36577	36575
36577	36576
36596	36587
36596	36588
36596	36589
36596	36590
36596	36591
36596	36592
36596	36593
36596	36594
36596	36595
36601	36600
36620	36604
36620	36605
36620	36606
36620	36607
36620	36608
36620	36609
36620	36610
36620	36611
36620	36612
36620	36613
36620	36614
36620	36615
36620	36616
36620	36617
36620	36618
36620	36619
36623	36622
36634	36633
36648	36643
36648	36644
36648	36645
36648	36646
36648	36647
36651	36650
36657	36654
36658	36655
36658	36656
36682	36681
	36689
36694	36692
36694	36693
36716	36714
36716	36715
36727	36721
36727	36722
36729	36728
36910	36736
36910	36737
36910	36738
36910	36739
36910	36740
36910	36741
36910	36742
36910	36743
36910	36744
36910	36745
36910	36746
36910	36747
36910	36748
36910	36749
36910	36750
36910	36751
36910	36752
36910	36753
36910	36754
36910	36755
36910	36756
36910	36757
36910	36758
36910	36759
36910	36760
36910	36761
36910	36762
36910	36763
36910	36764
36910	36765
36910	36766
36910	36767
36910	36768
36910	36769
36910	36770
36910	36771
36910	36772
36910	36773
36910	36774
36910	36775
36910	36776
36910	36777
36910	36778
36910	36779
36910	36780
36910	36781
36910	36782
36910	36783
36910	36784
36910	36785
36910	36786
36910	36787
36910	36788
36910	36789
36910	36790
36910	36791
36910	36792
36910	36793
36910	36794
36910	36795
36910	36796
36910	36797
36910	36798
36910	36799
36910	36800
36910	36801
36910	36802
36910	36803
36910	36804
36910	36805
36910	36806
36910	36807
36910	36808
36910	36809
36910	36810
36910	36811
36910	36812
36910	36813
36910	36814
36910	36815
36910	36816
36910	36817
36910	36818
36910	36819
36910	36820
36910	36821
36910	36822
36910	36823
36910	36824
36910	36825
36910	36826
36910	36827
36910	36828
36910	36829
36910	36830
36910	36831
36910	36832
36910	36833
36910	36834
36910	36835
36910	36836
36910	36837
36910	36838
36910	36839
36910	36840
36910	36841
36910	36842
36910	36843
36910	36844
36910	36845
36910	36846
36910	36847
36910	36848
36910	36849
36910	36850
36910	36851
36910	36852
36910	36853
36910	36854
36910	36855
36910	36856
36910	36857
36910	36858
36910	36859
36910	36860
36910	36861
36910	36862
36910	36863
36910	36864
36910	36865
36910	36866
36910	36867
36910	36868
36910	36869
36910	36870
36910	36871
36910	36872
36910	36873
36910	36874
36910	36875
36910	36876
36910	36877
36910	36878
36910	36879
36910	36880
36910	36881
36910	36882
36910	36883
36910	36884
36910	36885
36910	36886
36910	36887
36910	36888
36910	36889
36910	36890
36910	36891
36910	36892
36910	36893
36910	36894
36910	36895
36910	36896
36910	36897
36910	36898
36910	36899
36910	36900
36910	36901
36910	36902
36910	36903
36910	36904
36910	36905
36910	36906
36910	36907
36910	36908
	36909
36917	36911
36917	36912
36917	36913
36917	36914
36917	36915
36917	36916
36925	36924
36930	36928
36930	36929
36934	36931
36934	36932
36936	36935
36938	36937
36972	36944
36972	36945
36972	36946
36972	36947
36972	36948
36972	36949
36972	36950
36972	36951
36972	36952
36972	36953
36972	36954
36972	36955
36972	36956
36972	36957
36972	36958
36972	36959
36972	36960
36972	36961
36972	36962
36972	36963
36972	36964
36972	36965
36972	36966
36972	36967
36972	36968
36972	36969
36972	36970
36972	36971
36982	36980
36982	36981
	36989
37013	36995
37013	36996
	36997
	36998
	36999
	37000
	37001
	37002
	37003
	37004
	37005
	37006
	37007
	37008
	37009
	37010
	37011
37014	37012
37039	37034
37039	37035
37039	37036
37039	37037
37039	37038
37067	37044
37067	37045
37067	37046
37067	37047
37067	37048
37067	37049
37067	37050
37067	37051
37067	37052
37067	37053
37067	37054
37067	37055
37067	37056
37067	37057
37067	37058
37067	37059
37067	37060
37067	37061
37067	37062
37067	37063
	37064
	37065
	37066
37081	37080
37092	37088
37092	37089
37092	37090
37092	37091
37099	37097
37099	37098
37103	37101
37103	37102
37109	37105
37109	37106
37109	37107
37109	37108
37126	37112
37126	37113
37126	37114
37126	37115
37126	37116
37126	37117
37126	37118
37126	37119
37126	37120
	37121
	37122
	37123
	37124
37135	37130
37135	37131
37135	37132
37135	37133
37135	37134
37139	37137
37139	37138
37142	37140
37142	37141
37162	37158
37162	37159
	37160
	37161
37165	37163
37165	37164
37186	37185
37216	37194
37216	37195
37216	37196
37216	37197
37216	37198
37216	37199
37216	37200
37216	37201
37216	37202
37216	37203
37216	37204
37216	37205
37216	37206
37216	37207
37216	37208
37216	37209
37216	37210
37216	37211
37216	37212
37216	37213
37217	37214
37217	37215
37236	37228
37236	37229
37236	37230
37236	37231
37236	37232
37236	37233
37236	37234
37236	37235
37244	37242
37244	37243
37260	37258
37260	37259
37266	37264
37267	37265
37288	37286
37300	37298
37300	37299
37302	37301
37327	37326
37351	37347
	37348
	37349
	37350
37370	37367
37370	37368
37370	37369
37376	37375
37382	37381
37390	37385
37390	37386
37390	37387
37390	37388
37390	37389
	37394
37398	37396
37398	37397
37404	37402
37404	37403
37416	37412
37416	37413
37416	37414
37416	37415
37425	37424
37432	37431
	37433
	37434
	37435
37477	37436
37477	37437
37477	37438
37477	37439
37477	37440
37477	37441
37477	37442
37477	37443
37477	37444
	37445
	37446
	37447
	37448
	37449
	37450
	37451
	37452
	37453
	37454
	37455
	37456
	37457
	37458
	37459
	37460
	37461
	37462
	37463
	37464
	37465
	37466
	37467
	37468
	37469
	37470
	37471
	37472
	37473
	37474
	37475
	37476
37512	37506
37512	37507
37510	37508
37510	37509
37515	37514
37520	37519
37522	37521
37529	37527
37529	37528
37540	37539
37557	37556
37565	37564
	37567
37578	37575
37578	37576
37578	37577
37591	37590
37596	37594
37596	37595
37598	37597
37604	37603
	37622
	37623
	37624
	37625
	37626
	37627
	37628
	37629
	37630
	37631
37635	37634
	37639
37644	37643
37648	37647
37651	37650
37659	37655
37659	37656
37659	37657
37659	37658
37671	37663
37671	37664
37671	37665
37671	37666
37671	37667
37671	37668
37671	37669
37671	37670
37679	37674
37679	37675
37679	37676
37679	37677
37679	37678
	37683
	37684
	37685
	37692
	37693
	37694
	37695
	37696
	37698
	37699
	37700
	37701
	37702
37732	37731
37750	37745
37750	37746
37750	37747
37750	37748
37750	37749
37767	37766
37771	37770
37777	37776
37782	37781
37784	37783
37791	37790
37796	37793
37796	37794
37796	37795
37811	37807
37811	37808
37811	37809
37837	37836
37844	37841
37844	37842
37844	37843
37849	37848
37857	37854
37857	37855
37857	37856
	37860
	37861
	37862
	37863
	37864
	37865
	37866
	37867
	37868
	37869
	37870
	37871
	37872
	37873
	37874
	37875
	37876
	37877
	37878
	37879
	37880
	37881
	37882
	37883
	37884
	37885
	37886
	37887
	37888
	37889
	37890
	37891
	37892
	37893
	37894
	37895
	37896
37901	37897
	37898
	37899
37907	37903
37907	37904
37907	37905
37907	37906
	37911
	37912
37995	37918
37995	37919
37995	37920
37995	37921
37995	37922
37995	37923
37995	37924
37995	37925
37995	37926
37995	37927
37995	37928
37995	37929
37995	37930
37995	37931
37995	37932
37995	37933
37995	37934
37995	37935
37995	37936
37995	37937
37995	37938
37995	37939
37995	37940
37995	37941
37995	37942
37995	37943
37995	37944
37995	37945
37995	37946
37995	37947
37995	37948
37995	37949
37995	37950
37995	37951
37995	37952
37995	37953
37995	37954
37995	37955
37995	37956
37995	37957
37995	37958
37995	37959
37995	37960
37995	37961
37995	37962
37995	37963
37995	37964
37995	37965
37995	37966
37995	37967
37995	37968
37995	37969
37995	37970
37995	37971
37995	37972
37995	37973
37995	37974
37995	37975
37995	37976
37995	37977
37995	37978
37995	37979
37995	37980
37995	37981
37995	37982
37995	37983
37995	37984
37995	37985
37995	37986
37995	37987
37995	37988
37995	37989
37995	37990
37995	37991
37995	37992
	37993
	37994
38005	38002
38005	38003
38005	38004
38024	38015
38024	38016
38024	38017
38024	38018
38024	38019
38024	38020
38024	38021
38024	38022
38024	38023
38031	38030
38040	38032
38040	38033
38040	38034
38040	38035
38040	38036
38040	38037
38040	38038
38040	38039
	38041
	38042
	38043
	38044
	38045
	38046
38054	38053
38060	38057
38060	38058
38060	38059
	38070
38077	38076
38090	38089
38094	38091
38094	38092
38094	38093
38098	38097
38102	38101
38115	38113
	38114
38118	38116
38118	38117
38127	38120
38127	38121
38127	38122
38127	38123
38127	38124
38127	38125
38127	38126
38137	38135
38140	38139
38146	38144
38146	38145
38153	38152
38161	38160
38179	38177
38191	38190
38196	38195
38200	38199
38213	38201
38213	38202
38213	38203
38213	38204
38213	38205
38213	38206
38213	38207
38213	38208
38213	38209
38213	38210
38213	38211
38213	38212
38224	38222
38224	38223
38244	38231
38244	38232
38244	38233
38244	38234
38244	38235
38244	38236
38244	38237
38244	38238
38244	38239
38244	38240
	38241
	38242
	38243
38249	38245
38249	38246
38249	38247
38249	38248
38252	38251
38255	38253
38255	38254
38264	38256
38264	38257
38264	38258
38264	38259
38264	38260
38264	38261
38264	38262
38264	38263
38274	38273
38286	38284
	38285
38295	38289
	38290
	38291
	38292
	38293
	38294
38302	38300
38302	38301
38305	38303
38305	38304
38313	38306
38313	38307
38313	38308
38313	38309
38313	38310
38313	38311
38313	38312
38330	38319
38330	38320
38330	38321
38330	38322
38330	38323
38330	38324
38330	38325
38330	38326
38330	38327
38330	38328
38330	38329
38342	38341
38348	38347
38361	38360
38366	38365
38396	38372
38396	38373
38396	38374
38396	38375
38396	38376
38396	38377
38396	38378
38396	38379
38396	38380
38396	38381
38396	38382
38396	38383
38396	38384
38396	38385
38396	38386
38396	38387
38396	38388
38396	38389
38396	38390
38396	38391
38396	38392
38396	38393
38397	38394
38397	38395
38412	38411
38418	38415
38418	38416
38418	38417
38421	38420
	38432
38435	38434
38473	38443
38473	38444
38473	38445
38473	38446
38473	38447
38473	38448
38473	38449
38473	38450
38473	38451
38473	38452
38473	38453
38473	38454
38473	38455
38473	38456
38473	38457
38473	38458
38473	38459
38473	38460
38473	38461
38473	38462
38473	38463
38473	38464
38473	38465
38473	38466
38473	38467
38473	38468
38473	38469
38478	38477
38488	38487
38496	38495
38510	38503
38511	38504
38511	38505
38511	38506
	38507
	38508
	38509
38513	38512
38522	38521
38525	38524
38571	38569
38571	38570
38592	38590
	38605
38611	38608
38611	38609
38611	38610
38618	38617
38621	38620
38625	38624
	38627
	38628
	38629
38635	38630
38635	38631
38635	38632
38635	38633
38635	38634
38651	38650
38655	38654
38671	38669
38671	38670
38694	38673
38694	38674
38694	38675
38694	38676
38694	38677
38695	38678
38695	38679
38695	38680
38695	38681
38695	38682
38695	38683
38695	38684
38695	38685
38695	38686
38695	38687
38695	38688
38695	38689
38695	38690
38695	38691
38695	38692
38695	38693
38698	38696
38699	38697
38701	38700
38710	38705
38710	38706
38710	38707
38710	38708
38711	38709
38723	38716
38723	38717
38723	38718
38723	38719
38721	38720
38748	38747
38765	38752
38765	38753
38765	38754
38765	38755
38765	38756
38765	38757
38765	38758
38765	38759
38765	38760
38765	38761
	38762
	38763
	38764
38781	38776
38781	38777
38781	38778
38781	38779
38781	38780
38791	38790
38801	38799
38801	38800
	38812
38820	38819
38828	38823
38828	38824
38828	38825
38828	38826
38828	38827
	38853
38948	38947
	38958
	38959
38981	38980
38989	38987
	38988
	38996
	39090
	39166
39262	39260
	39261
39295	39294
39378	39375
	39376
39391	39389
	39390
39573	39571
	39572
39596	39594
	39595
	39657
39664	39661
	39662
	39663
39988	39986
	39987
40038	40037
40190	40189
40239	40238
40286	40284
	40285
40303	40299
	40300
40321	40320
40426	40425
40431	40430
40465	40463
	40464
40561	40558
	40559
	40560
40589	40587
	40588
40608	40606
	40607
40618	40616
	40617
40671	40670
40935	40933
	40934
41293	41292
41320	41318
	41319
41427	41424
	41425
	41474
41591	41590
41609	41607
	41608
41629	41625
	41626
	41627
	41628
41716	41714
	41715
41770	41769
41822	41821
41842	41841
	41853
41873	41872
	42013
	42014
	42015
42025	42024
42095	42093
	42094
42160	42158
	42159
42249	42247
	42248
	42345
	42398
	42399
	42400
42450	42448
	42449
42459	42458
	42570
	42571
	42666
42889	42887
	42888
42903	42902
42907	42905
	42906
	42969
	42970
43009	43007
	43008
43148	43146
	43147
43227	43224
	43225
	43226
43339	43338
43522	43521
43551	43549
	43550
43691	43690
	43892
43935	43934
44066	44065
	44094
44388	44386
	44387
44430	44428
	44429
44462	44460
	44461
44620	44618
	44619
	44642
	44643
	44739
44770	44769
	44808
	44809
	44810
44857	44855
	44856
	44884
44980	44979
45038	45037
45066	45064
	45065
45133	45132
45160	45158
	45159
45174	45173
45254	45253
45261	45259
	45260
45301	45299
	45300
45363	45360
45363	45361
45363	45362
	45365
	45369
	45370
	45371
	45372
	45373
	45374
	45375
	45376
	45377
	45378
	45379
	45380
	45381
	45382
	45383
	45384
	45385
	45386
	45387
	45388
	45389
	45390
	45391
	45392
	45393
	45394
	45395
45441	45439
	45440
45495	45494
45499	45497
	45498
45538	45536
	45537
45541	45539
	45540
45544	45542
	45543
45581	45579
	45580
45591	45589
	45590
45609	45608
45661	45658
45662	45659
	45660
	45705
45775	45773
	45774
	45842
	45853
	45876
	45954
45957	45955
	45956
46036	46034
	46035
46154	46152
	46153
46311	46309
	46310
46364	46362
	46363
46394	46392
	46393
46473	46471
	46472
46486	46485
46719	46718
46793	46791
	46792
	47123
47137	47136
47142	47140
	47141
	47166
47237	47235
	47236
47275	47273
	47274
	47281
47316	47315
47376	47374
	47375
47387	47386
47497	47495
	47496
	47605
47660	47658
	47659
47669	47667
	47668
47684	47682
	47683
47719	47717
	47718
	47767
47807	47805
47807	47806
47833	47832
	47851
48008	48006
	48007
48029	48027
	48028
	48083
	48084
48207	48205
	48206
48266	48264
	48265
48351	48350
	48365
	48366
	48367
48388	48386
	48387
48451	48450
48496	48494
	48495
48499	48497
	48498
48529	48527
	48528
48548	48546
	48547
48618	48617
48622	48620
	48621
48695	48693
	48694
48780	48777
	48778
	48779
48864	48862
	48863
48904	48902
	48903
	49035
49134	49132
	49133
49152	49149
	49150
	49151
49416	49414
	49415
49427	49425
	49426
49587	49585
	49586
49592	49590
	49591
	49696
49699	49697
	49698
49715	49713
	49714
49752	49751
49784	49782
	49783
49793	49792
49971	49969
	49970
	49985
50044	50042
	50043
50250	50248
	50249
	50260
50277	50276
	50315
	50316
	50317
	50323
50417	50416
	50507
50513	50511
	50512
50555	50553
	50554
	50563
50572	50570
	50571
	50607
	50608
50646	50645
50900	50898
	50899
50914	50913
50943	50942
	51002
51016	51014
	51015
51096	51095
	51319
	51320
	51321
	51322
	51323
51351	51349
	51350
	51594
51616	51614
	51615
51665	51662
	51663
	51673
51821	51819
	51820
51853	51852
51956	51955
	52135
	52136
	52137
	52138
52293	52291
	52292
52707	52706
52741	52740
	52769
	52770
	52771
52966	52964
	52965
53002	53000
	53001
	53021
	53023
	53026
	53028
	53029
	53030
	53031
53119	53116
	53117
	53118
53126	53125
53149	53146
	53147
53163	53161
	53162
	53270
53287	53285
	53286
53312	53306
53314	53313
53349	53347
	53348
53360	53358
	53359
53406	53404
	53405
53425	53424
53440	53438
	53439
	53443
	53467
	53468
	53469
	53470
	53471
	53472
	53473
	53474
	53475
	53476
	53477
	53478
	53479
53548	53547
	53645
	53646
	53647
	53648
53667	53665
	53666
53809	53807
	53808
	53838
	53839
	53922
53938	53936
	53937
54005	54003
	54004
54065	54063
54065	54064
54183	54181
	54182
54203	54202
	54209
	54252
	54253
54319	54318
54399	54397
	54398
54419	54418
54484	54482
	54483
54574	54572
	54573
	54629
54646	54645
54651	54649
	54650
54713	54711
	54712
54735	54734
54945	54944
54980	54978
	54979
55138	55136
	55137
55141	55140
55280	55278
	55279
55343	55342
55416	55414
	55415
55460	55459
	55578
	55583
55605	55604
55665	55664
55737	55734
	55735
	55736
55760	55758
	55759
55959	55955
	55956
	55957
	55958
55976	55975
56003	56000
	56001
	56002
56159	56157
	56158
56195	56193
	56194
56217	56215
	56216
56225	56223
	56224
56408	56406
	56407
	56475
56517	56515
	56516
	56545
56554	56552
	56553
56582	56580
	56581
	56753
56872	56871
	56874
	56875
	56936
56955	56950
56956	56951
	56952
	56953
	56954
56964	56962
	56963
57021	57019
	57020
57130	57127
57132	57131
57211	57210
57215	57213
	57214
57333	57332
57348	57346
	57347
	57382
57417	57414
	57415
	57416
57548	57546
	57547
	57603
	57630
	57631
	57632
57636	57633
57669	57668
57703	57701
	57702
57714	57713
57774	57772
	57773
57835	57833
	57834
57963	57962
58316	58314
	58315
58358	58357
58363	58362
	58377
58492	58490
	58491
58529	58528
58628	58627
58635	58632
	58633
	58638
58673	58671
	58672
58745	58743
	58744
58764	58762
58771	58768
58961	58959
	58960
	58989
	59035
	59080
59082	59081
59175	59173
	59174
59261	59259
	59260
59284	59283
	59491
59595	59593
	59594
59654	59653
59716	59715
59730	59729
59771	59769
	59770
59791	59789
	59790
59823	59821
	59822
59918	59916
	59917
60019	60016
	60017
	60018
	60059
	60060
	60061
	60066
60180	60179
60350	60348
	60349
60419	60417
	60418
60426	60425
	60672
60690	60689
60881	60879
	60880
61409	61408
	61882
	62014
	62016
	62407
	62483
62777	62775
62777	62776
	62793
	62794
	62795
	62796
	62797
	62798
	62799
	62800
	62801
	62802
	62803
	62804
	62805
	62806
	62807
	62808
	62809
	62810
	62811
	62812
	62813
	62814
	62835
	62836
	62866
62950	62949
	62963
	63020
	63021
	63022
	63023
	63024
	63025
	63026
	63027
	63028
	63029
	63030
	63070
63088	63087
	63211
	63396
	63923
	63924
	63925
	63926
	63927
	63928
	63929
	63930
	63931
	63932
	63933
	63934
	63935
	63936
	63937
	63938
	63939
	63940
	63941
	63942
	63943
	63944
	63945
	63946
	63947
63949	63948
	63979
	64044
	64118
	64726
	64727
	64954
	65001
	65002
	65184
	65185
65266	65265
	65270
	65271
	65288
	65289
65505	65504
	65624
	65625
	65626
65844	65822
65844	65823
65844	65824
65844	65825
65844	65826
65844	65827
65844	65828
65844	65829
65844	65830
65844	65831
65844	65832
65844	65833
65844	65834
65844	65835
65844	65836
65844	65837
65844	65838
65844	65839
	65840
	65841
	65842
	65843
	66157
	66554
	66586
	66587
	66588
	66589
	66590
	66591
	66666
66745	66744
	66863
	66864
	66865
	66866
	66912
	66920
	67333
67592	67591
67596	67595
	67619
	67620
	67621
	67622
	67623
	67624
	67625
	67626
	67627
	67628
	67629
	67630
	67631
	67632
	67633
	67634
	67635
	67636
	67637
	67638
	67639
	67640
	67641
	67642
	67643
	67644
	67645
	67646
	67647
	67648
	67649
	67650
	67651
	67652
	67653
	67654
	67655
	67656
	67657
	67658
	67659
	67660
	67661
	67662
	67663
	67664
	67665
	67666
	67667
	67668
	67669
	67670
	67671
	67672
	67673
	67674
	67675
	67676
	67677
	67678
	67679
	67680
	67681
	67682
	67683
	67684
	67685
	67686
	67687
	67688
	67689
	67690
	67691
	67692
	67693
	67694
	67695
	67696
	67697
	67698
	67699
	67700
	67701
	67702
	67703
	67704
	67705
	67706
	67707
	67708
	67709
	67710
	67711
	67712
	67713
	67714
	67715
	67716
	67717
	67718
	67719
	67720
	67721
	67722
	67723
	67724
	67725
	67726
	67727
	67728
	67729
	67730
	67731
	67732
	67733
	67734
	67735
	67736
	67737
	67738
	67739
	67740
	67741
	67742
	67743
	67744
	67745
	67746
	67747
	67748
	67749
67826	67809
67826	67810
67826	67811
67826	67812
67826	67813
67826	67814
67826	67815
67826	67816
67826	67817
67826	67818
67826	67819
67826	67820
67826	67821
67826	67822
67826	67823
67826	67824
67826	67825
67843	67830
67843	67831
67843	67832
67843	67833
67843	67834
67843	67835
67843	67836
67843	67837
67843	67838
67843	67839
67843	67840
67843	67841
67843	67842
67857	67849
67857	67850
67857	67851
67857	67852
67857	67853
67857	67854
	67855
	67856
67864	67858
67864	67859
67864	67860
67864	67861
67864	67862
67864	67863
67868	67866
67868	67867
67872	67871
	67902
67913	67903
67913	67904
67913	67905
67913	67906
67913	67907
67913	67908
67913	67909
67913	67910
67913	67911
67913	67912
	67928
	67929
67942	67941
67945	67944
	67951
	67952
	67953
	67954
	67955
	67956
	67957
	67958
	67959
	67960
	67961
	67962
	67963
	67964
	67965
	67966
	67967
	67968
	67969
	67970
	67971
	67972
	67973
	67974
	67975
	67976
	67977
	67978
	67979
	67980
	67981
	67982
	67983
	67984
	67985
	67986
	67987
	67988
	67989
	67990
	67991
	67992
	67993
	67994
	67995
	67996
	67997
	67998
	67999
	68000
	68001
	68002
	68003
	68004
	68005
	68006
	68007
	68008
	68009
	68010
	68011
	68012
	68013
	68014
	68015
	68016
	68017
	68018
	68019
	68020
	68021
	68022
	68023
	68024
	68025
