	14
	15
	16
	17
	18
	19
	20
	21
	41
	42
	43
	44
	45
	46
	234
	235
	236
	237
	238
	239
	689
	715
	716
	717
	718
	719
	1046
	1207
	1208
	1209
	1210
	1211
	1212
	1213
	1214
	1215
	1216
	1304
	1305
	1380
	1381
1404	1391
1404	1392
1404	1393
1404	1394
1404	1395
1404	1396
1404	1397
1404	1398
1404	1399
1404	1400
1404	1401
1404	1402
1404	1403
	1405
	1406
	1407
	1529
	1530
	1531
	1532
	1533
	1571
1627	1626
	1658
	1659
	1684
	1743
	1744
	1745
	1746
	1747
	1748
1911	1900
1911	1901
1911	1902
1911	1903
1911	1904
1911	1905
1911	1906
	1944
	1945
	1946
	1947
	1981
	1982
	1983
	1984
	1985
	1986
	1987
	1988
	1989
	1990
	1991
	1992
	1993
	2013
	2014
	2015
	2016
	2017
	2018
	2019
	2020
	2021
	2024
	2025
	2035
	2036
	2047
2150	2149
	2277
	2278
	2279
	2303
	2304
	2305
	2306
	2307
	2308
	2309
	2310
	2311
	2312
	2313
	2314
	2315
	2316
	2317
	2318
	2319
	2320
	2321
	2322
	2332
	2333
	2334
	2335
	2336
	2337
	2338
	2339
	2340
	2341
	2342
	2343
	2364
	2365
	2366
	2367
	2368
	2369
	2370
	2371
2472	2464
2472	2465
2472	2466
2472	2467
2472	2468
	2478
	2647
	2648
	2860
	3063
	3064
	3065
	3066
	3067
	3068
	3097
	3098
	3099
	3340
	3359
	3552
3644	3643
	3677
	3678
	3679
	3680
	3681
	3682
	3683
3734	3721
3734	3722
3734	3723
3734	3724
3734	3725
3734	3726
3734	3727
3734	3728
3734	3729
3734	3730
3734	3731
3734	3732
	3887
	3888
	3889
	3890
	3891
	3892
	3911
	3968
	3969
	3970
	4058
	4110
	4239
	4240
	4241
	4242
	4243
	4244
	4245
	4246
	4247
	4248
	4249
	4250
	4251
	4252
	4253
	4254
	4255
4305	4304
	4308
	4309
	4313
	4314
	4325
	4400
	4433
	4507
	4508
	4561
	4622
	4633
	4634
4661	4660
4789	4785
4817	4815
	4831
	4832
	4962
	5035
	5036
	5037
	5066
	5067
	5068
	5069
	5070
	5071
	5072
	5073
	5074
	5095
	5096
	5116
	5117
	5118
	5119
	5120
	5121
	5122
	5123
	5124
	5125
	5126
	5127
	5128
	5129
	5130
	5131
	5132
	5133
	5134
	5135
	5141
	5142
	5143
	5278
	5416
	5417
	5418
	5688
	5689
	5690
	5691
	5692
	5693
	5694
	5695
	5696
	5697
	5698
	5699
	5700
	5701
	5702
	5767
	5768
	5769
	5770
	5771
5896	5893
5896	5894
5896	5895
5924	5920
5924	5921
5924	5922
6032	6023
	6235
	6236
	6237
	6238
	6239
6351	6350
	6413
	6414
	6415
	6416
	6483
	6538
	6539
	6540
	6590
	6591
	6605
	6606
	6607
	6963
	7225
	7244
	7245
	7246
	7247
	7248
	7249
	7250
	7251
	7252
	7253
	7254
	7270
	7331
	7332
	7333
	7334
	7335
	7336
	7337
	7338
	7339
	7340
	7341
	7342
	7343
	7344
	7345
	7346
	7347
	7348
	7349
	7350
	7351
	7352
	7353
	7354
	7355
	7356
	7357
	7358
	7359
	7360
	7361
	7362
	7363
	7364
	7365
	7366
	7367
	7368
	7369
	7370
	7371
	7372
	7373
	7374
	7375
	7376
	7377
	7378
	7379
	7380
	7381
	7382
	7383
	7384
	7385
	7386
	7387
7389	7388
	7391
	7506
	7507
	7508
	7509
	7510
	7511
	7512
	7513
	7514
	7659
	7660
	7661
	7662
	7663
	7664
	7665
	7666
	7667
	7692
	7693
	7694
	7701
	7702
	7703
	7704
	7705
	7706
	7707
	7708
	7709
	7710
	7711
	7712
	7713
	7714
	7715
	7716
	7717
	7718
	7719
	7720
	7721
	7722
	7723
	7724
	7725
	7726
	7727
	7728
	7783
	7784
	7785
	7786
	7787
	7788
	7789
	7790
	7791
	7792
	7793
	7884
	7885
	7886
	7898
	7899
	7936
	7937
	7939
	7940
	7941
	7942
	7943
	7944
	7945
8013	8012
8306	8305
	8375
8550	8549
	8910
9108	9107
	9258
9475	9474
	9624
	9625
	9626
	9648
	9661
	9678
	10090
	10091
	10157
	10158
	10338
	10389
	10390
	10507
11201	11189
11201	11190
11201	11191
11201	11192
11201	11193
11201	11194
11201	11195
11201	11196
11201	11197
11201	11198
11201	11199
11201	11200
	11795
	12181
	12416
	13104
	13271
	13272
	13273
	13274
13314	13313
13586	13584
13586	13585
14203	14200
14203	14201
14203	14202
	14524
	14525
	14526
	14690
	14691
	14692
	14805
15092	15091
	15307
	15482
	15483
	15484
	15779
	16161
	16162
	16166
	16167
	16168
	16169
	16208
	16322
16389	16388
	16714
16893	16892
	16905
	17089
	17090
	17226
	17227
	17228
	17896
	17930
	18021
	18170
	18171
	19041
19184	19183
19758	19757
20253	20252
	20312
	20313
	20314
	20315
20462	20461
	20842
	20843
21727	21724
21727	21725
21772	21771
	21960
22597	22596
	22613
	22614
23050	23049
	23629
	24436
	24437
	24438
	24439
	24440
	24441
	24442
	24967
	25082
	25265
	25266
	25267
	25268
	25269
	25270
	25271
26046	26045
	26171
	26405
	26406
	26543
	27379
27413	27412
	28276
	28277
	28278
	28500
	28674
	28781
	28950
	28951
	28952
	28953
	28954
29045	29044
	29237
	29503
	29504
	29511
	29512
	29513
29564	29563
	29586
	29587
	29588
	29589
	29590
	29591
	29592
	29593
	29594
	29599
	29600
	29601
	29602
	29603
	29604
	29605
	29617
	29618
29639	29638
	29659
	29785
	29786
	29936
29967	29966
30155	30154
	30299
	30379
	30737
	30738
	30739
	30740
	30741
	30742
	30743
	30744
	30745
	30746
	30747
	30748
	30749
	30750
	30751
	30752
	30753
	30754
	30755
	30756
	30757
	30758
30997	30996
	31185
	31677
	31678
	31792
32017	32013
32017	32014
32017	32015
32017	32016
	32061
	32164
	32165
	32486
	32487
	32624
	32627
	32628
	32629
	32630
	32745
	32746
	33074
	33237
33683	33676
33683	33677
33683	33678
33683	33679
33683	33680
33818	33817
	33820
	33821
	33822
	33823
	33826
	33827
	34065
	34066
	34067
	34068
	34069
	34070
	34071
	34072
	34073
34095	34085
34095	34086
34095	34087
34095	34088
34095	34089
	34452
	34453
	34454
	34455
	34456
	34457
	34486
34599	34598
	34643
	34693
	34787
	34856
35013	35011
	35371
	35470
	35484
35790	35788
35790	35789
35904	35902
35904	35903
35939	35938
	35961
35972	35970
35972	35971
36059	36058
36095	36088
36095	36089
36095	36090
36095	36091
36095	36092
36148	36147
36157	36156
36230	36226
36230	36227
36230	36228
36230	36229
36235	36234
	36307
	36308
	36309
36317	36316
36321	36320
36383	36373
36383	36374
36383	36375
36383	36376
36383	36377
36383	36378
36383	36379
36383	36380
36383	36381
36383	36382
36543	36542
36560	36559
	36689
36910	36909
	36989
37013	36997
37013	36998
37013	36999
37013	37000
37013	37001
37013	37002
37013	37003
37013	37004
37013	37005
37013	37006
37013	37007
37013	37008
37013	37009
37013	37010
37013	37011
37067	37064
37067	37065
37067	37066
37126	37121
37126	37122
37126	37123
37126	37124
37162	37160
37162	37161
37351	37348
37351	37349
37351	37350
	37394
37477	37433
37477	37434
37477	37435
37477	37445
37477	37446
37477	37447
37477	37448
37477	37449
37477	37450
37477	37451
37477	37452
37477	37453
37477	37454
37477	37455
37477	37456
37477	37457
37477	37458
37477	37459
37477	37460
37477	37461
37477	37462
37477	37463
37477	37464
37477	37465
37477	37466
37477	37467
37477	37468
37477	37469
37477	37470
37477	37471
37477	37472
37477	37473
37477	37474
37477	37475
37477	37476
	37567
	37622
	37623
	37624
	37625
	37626
	37627
	37628
	37629
	37630
	37631
	37639
	37683
	37684
	37685
	37692
	37693
	37694
	37695
	37696
37703	37698
37703	37699
37703	37700
37703	37701
37703	37702
37900	37860
37900	37861
37900	37862
37900	37863
37900	37864
37900	37865
37900	37866
37900	37867
37900	37868
37900	37869
37900	37870
37900	37871
37900	37872
37900	37873
37900	37874
37900	37875
37900	37876
37900	37877
37900	37878
37900	37879
37900	37880
37900	37881
37900	37882
37900	37883
37900	37884
37900	37885
37900	37886
37900	37887
37900	37888
37900	37889
37900	37890
37900	37891
37900	37892
37900	37893
37900	37894
37900	37895
37900	37896
37900	37898
37900	37899
37913	37911
37913	37912
37995	37993
37995	37994
38047	38041
38047	38042
38047	38043
38047	38044
38047	38045
38047	38046
38071	38070
38115	38114
38244	38241
38244	38242
38244	38243
38286	38285
38295	38290
38295	38291
38295	38292
38295	38293
38295	38294
	38432
38510	38507
38510	38508
38510	38509
	38605
	38627
	38628
	38629
38765	38762
38765	38763
38765	38764
	38812
	38853
	38958
	38959
38989	38988
	38996
	39090
	39166
39262	39261
39378	39376
39391	39390
39573	39572
39596	39595
39658	39657
39664	39662
39664	39663
39988	39987
40286	40285
40303	40300
40465	40464
40561	40559
40561	40560
40589	40588
40608	40607
40618	40617
40935	40934
41320	41319
41427	41425
	41474
41609	41608
41629	41626
41629	41627
41629	41628
41716	41715
41854	41853
	42013
	42014
	42015
42095	42094
42160	42159
42249	42248
42346	42345
	42398
	42399
	42400
42450	42449
	42570
	42571
42667	42666
42889	42888
42907	42906
	42969
	42970
43009	43008
43148	43147
43227	43225
43227	43226
43551	43550
	43892
44095	44094
44388	44387
44430	44429
44462	44461
44620	44619
	44642
	44643
	44739
	44808
	44809
	44810
44857	44856
	44884
45066	45065
45160	45159
45261	45260
45301	45300
	45365
	45369
	45370
	45371
	45372
	45373
	45374
	45375
	45376
	45377
	45378
	45379
	45380
	45381
	45382
	45383
	45384
	45385
	45386
	45387
	45388
	45389
	45390
	45391
	45392
	45393
	45394
	45395
45441	45440
45499	45498
45538	45537
45541	45540
45544	45543
45581	45580
45591	45590
45661	45660
	45705
45775	45774
	45842
	45853
	45876
	45954
45957	45956
46036	46035
46154	46153
46311	46310
46364	46363
46394	46393
46473	46472
46793	46792
	47123
47142	47141
	47166
47237	47236
47275	47274
	47281
47376	47375
47497	47496
	47605
47660	47659
47669	47668
47684	47683
47719	47718
47768	47767
47852	47851
48008	48007
48029	48028
48085	48083
48085	48084
48207	48206
48266	48265
	48365
	48366
	48367
48388	48387
48496	48495
48499	48498
48529	48528
48548	48547
48622	48621
48695	48694
48780	48778
48780	48779
48864	48863
48904	48903
	49035
49134	49133
49152	49150
49152	49151
49416	49415
49427	49426
49587	49586
49592	49591
	49696
49699	49698
49715	49714
49784	49783
49971	49970
	49985
50044	50043
50250	50249
50261	50260
	50315
	50316
	50317
	50323
	50507
50513	50512
50555	50554
50564	50563
50572	50571
	50607
	50608
50900	50899
	51002
51016	51015
	51319
	51320
	51321
	51322
	51323
51351	51350
	51594
51616	51615
51665	51663
51674	51673
51821	51820
	52135
	52136
	52137
	52138
52293	52292
	52769
	52770
	52771
52966	52965
53002	53001
	53021
53024	53023
53027	53026
	53028
	53029
	53030
	53031
53119	53117
53119	53118
53149	53147
53163	53162
	53270
53287	53286
53349	53348
53360	53359
53406	53405
53440	53439
	53443
	53467
	53468
	53469
	53470
	53471
	53472
	53473
	53474
	53475
	53476
	53477
	53478
	53479
	53645
	53646
	53647
	53648
53667	53666
53809	53808
	53838
	53839
	53922
53938	53937
54005	54004
54183	54182
54210	54209
	54252
	54253
54399	54398
54484	54483
54574	54573
	54629
54651	54650
54713	54712
54980	54979
55138	55137
55280	55279
55416	55415
	55578
	55583
55737	55735
55737	55736
55760	55759
55959	55956
55959	55957
55959	55958
56003	56001
56003	56002
56159	56158
56195	56194
56217	56216
56225	56224
56408	56407
56476	56475
56517	56516
	56545
56554	56553
56582	56581
	56753
	56874
	56875
	56936
56955	56952
56956	56953
56956	56954
56964	56963
57021	57020
57215	57214
57348	57347
	57382
57417	57415
57417	57416
57548	57547
57604	57603
	57630
	57631
	57632
57703	57702
57774	57773
57835	57834
58316	58315
	58377
58492	58491
58635	58633
	58638
58673	58672
58745	58744
58961	58960
	58989
	59035
	59080
59175	59174
59261	59260
59493	59491
59595	59594
59771	59770
59791	59790
59823	59822
59918	59917
60019	60017
60019	60018
	60059
	60060
	60061
	60066
60350	60349
60419	60418
	60672
60881	60880
	61882
	62014
	62016
	62407
	62483
	62793
	62794
	62795
	62796
	62797
	62798
	62799
	62800
	62801
	62802
	62803
	62804
	62805
	62806
	62807
	62808
	62809
	62810
	62811
	62812
	62813
	62814
	62835
	62836
	62866
	62963
63031	63020
63031	63021
63031	63022
63031	63023
63031	63024
63031	63025
63031	63026
63031	63027
63031	63028
63031	63029
63031	63030
	63070
	63211
	63396
	63923
	63924
	63925
	63926
	63927
	63928
	63929
	63930
	63931
	63932
	63933
	63934
	63935
	63936
	63937
	63938
	63939
	63940
	63941
	63942
	63943
	63944
	63945
	63946
	63947
	63979
	64044
	64118
	64726
	64727
	64954
	65001
	65002
	65184
	65185
	65270
	65271
	65288
	65289
	65624
	65625
	65626
65844	65840
65844	65841
65844	65842
65844	65843
	66157
	66554
	66586
	66587
	66588
	66589
	66590
	66591
66667	66666
66867	66863
66867	66864
66867	66865
66867	66866
66914	66912
	66920
	67333
	67619
	67620
	67621
	67622
	67623
	67624
	67625
	67626
	67627
	67628
	67629
	67630
	67631
	67632
	67633
	67634
	67635
	67636
	67637
	67638
	67639
	67640
	67641
	67642
	67643
	67644
	67645
	67646
	67647
	67648
	67649
	67650
	67651
	67652
	67653
	67654
	67655
	67656
	67657
	67658
	67659
	67660
	67661
	67662
	67663
	67664
	67665
	67666
	67667
	67668
	67669
	67670
	67671
	67672
	67673
	67674
	67675
	67676
	67677
	67678
	67679
	67680
	67681
	67682
	67683
	67684
	67685
	67686
	67687
	67688
	67689
	67690
	67691
	67692
	67693
	67694
	67695
	67696
	67697
	67698
	67699
	67700
	67701
	67702
	67703
	67704
	67705
	67706
	67707
	67708
	67709
	67710
	67711
	67712
	67713
	67714
	67715
	67716
	67717
	67718
	67719
	67720
	67721
	67722
	67723
	67724
	67725
	67726
	67727
	67728
	67729
	67730
	67731
	67732
	67733
	67734
	67735
	67736
	67737
	67738
	67739
	67740
	67741
	67742
	67743
	67744
	67745
	67746
	67747
	67748
	67749
67857	67855
67857	67856
67913	67902
	67928
	67929
	67951
	67952
	67953
	67954
	67955
	67956
	67957
	67958
	67959
	67960
	67961
	67962
	67963
	67964
	67965
	67966
	67967
	67968
	67969
	67970
	67971
	67972
	67973
	67974
	67975
	67976
	67977
	67978
	67979
	67980
	67981
	67982
	67983
	67984
	67985
	67986
	67987
	67988
	67989
	67990
	67991
	67992
	67993
	67994
	67995
	67996
	67997
	67998
	67999
	68000
	68001
	68002
	68003
	68004
	68005
	68006
	68007
	68008
	68009
	68010
	68011
	68012
	68013
	68014
	68015
	68016
	68017
	68018
	68019
	68020
	68021
	68022
	68023
	68024
	68025
	68026
	68027
	68028
	68029
	68030
	68031
	68032
	68033
	68034
	68035
	68036
	68037
	68038
	68039
	68040
	68041
	68042
	68043
	68044
	68045
	68046
	68047
	68048
	68049
	68050
	68051
	68052
	68053
	68054
	68055
	68056
	68057
	68058
	68059
	68060
	68061
	68062
	68063
	68064
	68065
	68066
	68067
	68068
	68069
	68070
	68071
	68072
	68073
	68074
	68075
	68076
	68077
	68078
	68079
	68080
	68081
	68082
	68083
	68084
	68085
	68086
	68087
	68099
	68155
	68156
	68167
	68168
	68169
	68170
	68171
	68172
	68173
	68174
	68175
	68176
68219	68218
	68295
	68296
	68297
	68298
	68299
	68300
	68301
	68302
	68303
	68304
	68305
	68306
	68307
	68308
	68309
	68310
	68311
	68340
	68341
	68342
	68343
	68344
	68345
	68346
	68347
	68348
	68349
	68350
	68351
	68352
	68353
	68354
	68355
	68356
	68357
	68358
	68359
	68360
	68361
	68362
	68363
	68364
	68365
	68366
	68367
	68368
	68369
	68370
	68371
	68372
	68373
	68374
	68375
	68376
	68377
	68378
	68379
	68380
	68381
	68382
	68383
	68384
	68385
	68386
	68387
	68388
	68389
	68390
	68391
	68392
	68393
	68394
	68395
	68396
	68397
	68398
	68399
	68400
	68401
	68402
	68403
	68404
	68405
	68406
	68407
	68408
	68409
	68410
	68411
	68412
	68413
	68414
	68415
	68416
	68417
	68418
	68419
	68420
	68421
	68422
	68423
	68424
	68425
	68426
	68427
	68428
	68429
	68430
	68431
	68432
	68433
	68434
	68435
	68436
	68437
	68438
	68439
	68440
	68441
	68442
	68443
	68444
	68445
	68446
	68447
	68448
	68449
	68450
	68451
	68452
	68453
	68454
	68455
	68456
	68457
	68458
	68459
	68460
	68461
	68462
	68463
	68464
	68465
	68466
	68467
	68468
	68469
	68470
	68471
	68472
	68473
	68474
	68475
	68476
	68477
	68478
	68479
	68480
	68481
	68482
	68483
	68484
	68485
	68486
	68487
	68488
	68489
	68490
	68491
	68492
	68493
	68494
	68495
	68496
	68497
	68498
	68499
	68500
	68501
	68502
	68503
	68504
	68505
	68506
	68507
	68508
	68509
	68510
	68511
	68512
	68513
	68514
	68515
	68516
	68517
	68518
	68519
	68520
	68521
	68522
	68523
	68524
	68525
	68526
	68527
	68528
	68529
	68530
	68531
	68532
	68533
	68534
	68535
	68536
	68537
	68538
	68539
	68540
	68541
	68542
	68543
	68544
	68545
	68546
	68547
	68548
	68549
	68550
	68551
	68552
	68553
	68554
	68555
	68556
	68557
	68558
	68559
	68560
	68561
	68562
	68563
	68564
	68565
	68566
	68567
	68568
	68569
	68570
	68571
	68572
	68573
	68574
	68575
	68576
	68577
	68578
	68579
	68580
	68581
	68582
	68583
	68584
	68585
	68586
	68587
	68588
	68589
	68590
	68591
	68592
	68593
	68594
	68595
	68596
	68597
	68598
	68599
	68600
	68601
	68602
	68603
	68604
	68605
	68606
	68607
	68608
	68609
	68610
	68611
	68612
	68613
	68614
	68615
	68616
	68617
	68618
	68619
	68620
	68621
	68622
	68623
	68624
	68625
	68626
	68627
	68628
	68629
	68630
	68631
	68632
	68633
	68634
	68635
	68636
	68637
	68638
	68639
	68640
	68641
	68642
	68643
	68644
	68645
	68646
	68647
	68648
	68649
	68650
	68651
	68652
	68653
	68654
	68655
	68656
	68657
	68658
	68659
	68660
	68661
	68662
	68663
	68664
	68665
	68666
	68667
	68668
	68669
	68670
	68671
	68672
	68673
	68674
	68675
	68676
	68677
	68678
	68679
69007	69006
	69060
	69063
	69064
	69065
	69066
	69067
	69068
	69069
	69070
	69071
	69072
	69073
	69074
	69075
	69076
	69077
	69078
	69079
	69080
	69081
	69082
	69083
	69084
	69085
	69086
	69087
	69088
	69089
	69090
	69091
	69092
	69093
	69094
	69095
	69096
	69097
	69098
	69099
	69100
	69101
	69102
	69103
	69104
	69128
	69129
	69130
	69131
69160	69158
69295	69161
69295	69162
69295	69163
69358	69357
	69360
	69361
69368	69366
69368	69367
	69407
	69408
	69409
	69410
	69468
	69469
	69470
69500	69486
	69512
	69513
	69514
	69515
	69516
	69517
	69518
	69519
	69520
	69521
	69522
	69523
	69527
69594	69593
69659	69658
	69671
69730	69729
69800	69777
69800	69778
69800	69779
69800	69780
69800	69781
69800	69782
69800	69783
69800	69784
69800	69785
69800	69786
69800	69787
69800	69788
69800	69789
69800	69790
69800	69791
69800	69792
69800	69793
69800	69794
69800	69795
69800	69796
69800	69797
	69818
	69819
	69820
	69821
	69822
	69823
	69824
	69825
	69826
	69827
	69828
	69829
	69830
	69831
	69832
	69833
	69834
	69835
69843	69842
69847	69846
	69849
	69850
	69851
	69852
	69853
	69854
	69855
	69856
	69857
	69858
	69859
	69860
	69861
	69862
	69863
	69864
	69865
	69866
	69867
	69868
	69869
	69870
	69871
	69872
	69873
	69874
	69875
	69876
	69877
	69878
	69879
	69880
	69881
	69882
	69883
	69884
	69885
	69886
	69887
	69888
	69889
	69890
69946	69908
69946	69909
69964	69963
	69984
70067	70066
70112	70110
	70129
	70130
	70131
	70132
	70133
	70134
	70135
	70136
	70137
	70138
	70139
	70140
	70141
	70142
	70143
	70144
	70145
	70146
	70149
70215	70208
70282	70281
	70370
70408	70406
	70453
	70454
	70455
70485	70484
70488	70487
70526	70490
70578	70577
70580	70579
	70603
	70604
	70605
	70606
	70607
	70608
	70609
	70610
	70611
	70612
	70613
	70614
	70615
	70616
	70617
	70618
	70619
	70620
	70621
	70622
	70623
	70624
	70625
	70626
	70627
	70628
	70629
	70630
	70631
	70632
70717	70711
70723	70722
70753	70748
	70771
	70772
	70811
	70812
	70813
	70814
	70821
70854	70853
	70902
	70903
	70911
	70958
	71023
	71024
	71025
	71026
	71027
	71028
	71029
	71030
	71031
	71032
	71033
	71034
	71035
	71036
	71065
	71091
	71092
	71093
	71094
	71095
	71096
	71097
	71098
	71099
	71100
	71101
	71102
	71103
	71104
	71105
	71106
	71107
	71108
	71109
	71110
	71111
	71112
	71113
	71114
	71115
	71116
	71117
	71118
	71119
	71120
	71121
	71122
	71123
	71124
	71125
	71126
	71127
	71128
	71129
	71130
	71131
	71132
	71133
	71134
	71135
	71147
	71148
71162	71157
71162	71158
71162	71159
	71320
	71321
	71322
	71323
71340	71339
	71434
	71435
	71436
71442	71441
	71444
	71582
71980	71979
	72048
	72198
	72393
	72429
	72537
	72592
	72630
	72890
	72909
	73342
	73391
	73492
	73708
73740	73739
	73770
	73791
	73932
	74049
	74111
	74298
	74335
	74337
	74444
74514	74511
74515	74512
	74545
	74573
	74668
75059	75058
	75091
75160	75155
75288	75287
	75342
	75953
	75954
	75955
	75956
	75957
75965	75963
75965	75964
	77015
77076	77073
77076	77074
77076	77075
77078	77077
77082	77081
77185	77184
77190	77186
77190	77187
77190	77188
77190	77189
77198	77197
	77223
	77224
	77225
	77226
	77227
	77228
	78075
	78076
	78077
	78078
	78079
	78080
	78081
	78082
	78083
	78084
	78085
	78274
	78275
	78277
	78278
78336	78334
	78353
	78354
	78355
78617	78615
78617	78616
78620	78618
78620	78619
78740	78734
78740	78735
78740	78736
78740	78737
78740	78738
78740	78739
	78851
	78852
78872	78861
78872	78862
78872	78863
78872	78864
78872	78865
78872	78866
78872	78867
78872	78868
78872	78869
78872	78870
78995	78987
78995	78988
78995	78989
78995	78990
78995	78993
78995	78994
79100	79062
79100	79063
79100	79064
79103	79102
	79241
	79245
	79246
	79310
79333	79330
79333	79331
79333	79332
	80539
	83471
	83472
	83712
	84754
	85209
	85915
88753	88752
	88838
	89044
	89045
	89046
	89047
	89331
	89332
	89333
	89334
	89335
	89336
	89337
	89338
	89339
	89515
	89595
89654	89653
	89763
89875	89874
	89890
	90236
	90313
	90314
	90382
	90383
	90396
	90397
	90581
	90633
	90789
	90790
	91229
	91759
	92012
	92013
	92014
	92106
	92300
92451	92450
92475	92474
	92717
	92987
	93183
93468	93467
93518	93517
	93575
	93576
	93592
	93593
	93614
93769	93768
94264	94263
	94650
	94680
	94764
	94774
	94775
	95262
	95654
95730	95729
	95956
	96021
	96022
	96023
	96128
	96183
96287	96286
	96358
96548	96547
	96570
96602	96601
	96774
	96935
	97059
	97069
	97071
	97072
	97073
	97074
97964	97962
	98331
	98332
	98333
	98334
	98335
98366	98361
98366	98362
98366	98363
	98393
	98394
	98395
	98396
	98397
	98398
	98399
	98400
	98401
	98402
	98403
	98404
	98405
	98406
	98407
	98408
	98409
	98410
	98411
	98412
	98413
	98414
	98415
	98416
	98417
	98418
	98419
98467	98465
98467	98466
	98628
	98640
98682	98680
98682	98681
98730	98729
	98788
	98942
	98943
	98949
	98950
	98951
	99029
	99030
	99031
	99032
	99033
	99085
	99086
	99087
	99088
	99089
	99090
	99091
	99092
	99093
	99094
	99095
	99096
	99097
	99099
	99100
	99101
	99103
	99154
	99157
	99160
	99161
	99162
	99163
	99164
	99165
	99166
	99167
	99168
	99169
	99170
	99254
	99366
	99367
	99368
	99394
	99456
	99457
99546	99542
99546	99543
99546	99544
99546	99545
	99552
	99553
	99554
	99555
	99556
	99557
	99566
	99590
99618	99612
99618	99613
99618	99614
99618	99615
99618	99616
99618	99617
	99641
	99670
	99725
	99726
	99727
	99728
	99729
	99730
	99731
	99795
	99804
	99818
	99819
	99821
	99822
	99823
	99824
	99825
	99826
	99827
	99828
	99829
	99830
	99831
	99832
	99833
	99861
	99887
	99888
	99891
	99892
	99893
	99894
	99895
	99896
	99908
	99938
	99951
	100009
	100015
	100244
	100286
	100383
100401	100395
100401	100396
100401	100397
100401	100398
100401	100399
100401	100400
100428	100427
	100474
	100480
	100481
	100482
	100483
	100484
	100516
	100522
	100783
	100784
	100785
	100786
	100787
	100788
	100789
	100790
	100791
	100792
	100793
	100794
	100795
	100796
	100797
100811	100798
100811	100799
100811	100800
100811	100801
100811	100802
100811	100803
100811	100804
100811	100805
100811	100806
100811	100807
100811	100808
100811	100809
100811	100810
	100842
	100913
	100914
	100930
	100931
	100932
	100933
	100934
	100935
	100936
	100937
	100938
	100939
	100940
	100941
	100942
	100943
	100944
	100945
	100946
	100947
	100948
	100949
	100950
	100951
	100952
	100953
	101070
	101088
	101142
101204	101185
101204	101186
101204	101187
101204	101188
101204	101189
101204	101190
101204	101191
101204	101192
101204	101193
101204	101194
101204	101195
101204	101196
101204	101197
101204	101198
101269	101266
101269	101267
101269	101268
	101296
	101335
101340	101336
101340	101337
101347	101341
101348	101342
101429	101427
	101518
101601	101600
	101608
	101654
	101655
	101656
	101657
	101658
	101659
	101660
	101661
101724	101723
	101725
	101727
	101728
	101729
	101730
	101731
	101732
	101733
	101734
	101735
	101736
	101737
	101738
	101739
	101741
	101767
	101768
	101769
	101770
	101771
	101772
	101773
	101774
	101775
	101776
	101777
	101778
	101779
	101780
	101781
	101782
	101793
	101864
	101865
	101866
	101867
	101868
	101869
	101870
	101871
	101872
	101873
101903	101900
101903	101901
101903	101902
	101904
	101905
	101906
	101907
	102005
	102013
	102048
	102051
102082	102081
	102090
102146	102093
102146	102094
102146	102095
102146	102096
102146	102097
102146	102098
102146	102099
102146	102100
102146	102101
102146	102102
102146	102103
102146	102104
102146	102105
102146	102106
102146	102107
102146	102108
102146	102109
102146	102110
102146	102111
102146	102112
102146	102113
102146	102114
102146	102115
102146	102116
102146	102117
102146	102118
102146	102119
102146	102120
102146	102121
102146	102122
102146	102123
102146	102124
102146	102125
102146	102126
102146	102127
102146	102128
102146	102129
	102224
	102225
	102226
102264	102263
102267	102266
	102269
	102270
	102271
	102272
	102273
102285	102282
102285	102283
102285	102284
	102313
	102314
	102315
	102316
	102317
102322	102319
	102338
102353	102340
102353	102341
102353	102342
102353	102343
102353	102344
102353	102345
102353	102346
102353	102347
	102369
102413	102407
102413	102408
102413	102409
102413	102410
102413	102411
	102459
	102460
	102461
	102462
	102463
	102479
102576	102571
102576	102572
102576	102573
102604	102590
102604	102591
102604	102592
102604	102593
102604	102594
102604	102595
102604	102596
102604	102597
102604	102598
102604	102602
102604	102603
102621	102620
102631	102623
102631	102624
102631	102625
102631	102626
102631	102627
102631	102628
102631	102629
	102661
	102662
	102663
	102664
	102665
	102666
	102667
	102668
	102685
	102686
102721	102716
102721	102717
102721	102718
102721	102719
102733	102730
102805	102787
102805	102788
102805	102789
102810	102807
102810	102808
	102839
102854	102847
102854	102848
102854	102849
102854	102850
102854	102851
102854	102853
	102855
102867	102862
102867	102863
102867	102866
	102912
	102913
	102914
	102937
	103016
	103039
103094	103093
103132	103129
	103161
	103162
	103163
103176	103174
	103572
	103693
103695	103694
103957	103956
104215	104208
104215	104209
	104258
	104496
104562	104555
	105005
105022	105021
	105088
	105089
	105136
	105268
	105288
	106015
	106016
	106017
	106035
	106036
	106037
	106038
	106112
	106187
	106687
	106838
106845	106844
	107429
107459	107452
107459	107453
107459	107454
107459	107455
	107881
	107882
	107883
	107884
108015	108013
108015	108014
	108027
108147	108146
108168	108167
	108233
108267	108249
108314	108312
	108327
	109013
109023	109022
	109066
109083	109081
109083	109082
109106	109105
	109250
	109251
	109252
109480	109472
	109740
109801	109797
109935	109934
	109952
	110074
	110075
	110149
	110165
	110170
	110175
110324	110323
	110407
110514	110513
	110521
	110579
110674	110673
	111123
	111124
111224	111222
	111458
	111459
	111460
	111461
	111462
	111463
111542	111541
111627	111624
	112093
	112094
	112860
	112861
	112862
112950	112949
113206	113205
	113211
	113470
	113471
	113883
114020	114019
	114036
	114050
	114329
	114330
114397	114396
114433	114432
114453	114451
	114681
	114682
	114683
	114684
	114685
	114686
	114687
	114688
	114689
	114690
	114691
114856	114855
114871	114870
	114882
	115151
115280	115279
115353	115352
115631	115630
115693	115692
	115907
	115915
	115927
	115959
	116037
	116038
	116039
	116040
	116041
	116042
	116043
	116044
	116045
	116046
	116047
	116048
	116049
	116050
	116051
	116052
	116053
	116054
	116055
	116056
	116057
	116058
	116059
	116060
	116061
	116062
	116063
	116064
	116065
	116066
	116067
	116068
	116069
	116070
	116071
	116072
	116073
	116074
	116075
	116076
	116077
	116078
	116079
	116080
	116081
	116082
	116083
	116084
	116085
	116086
	116087
	116088
	116089
	116090
	116091
	116092
	116093
	116094
	116095
	116096
	116097
	116098
	116099
	116100
	116101
	116102
	116103
	116104
	116105
	116106
	116107
	116108
	116109
	116110
	116111
	116112
	116113
	116114
	116115
	116116
	116117
	116118
	116119
	116120
	116121
	116122
	116123
	116124
	116125
	116126
	116127
	116128
	116129
	116130
	116131
	116132
	116133
	116134
	116135
	116136
	116137
	116138
116643	116641
	117859
	117890
117921	117916
118425	118375
118425	118376
119624	119623
	119681
119776	119775
119839	119838
120059	120057
120067	120066
	121117
121597	121557
121977	121972
	122271
	122480
122772	122765
122772	122766
122772	122767
	123192
	123193
123308	123304
123716	123715
	123862
	123872
	123932
124061	124012
124061	124018
124061	124019
124061	124020
124155	124154
124634	124463
124634	124464
125234	125233
	125457
	125840
	125876
	125877
	125878
	125896
	125897
	125982
	126079
	126144
	126145
	126146
126447	126446
126520	126519
	126522
	126733
	126734
	126735
	126736
	126737
	126738
	126739
	126740
	126741
	126742
	126743
	126744
	126745
	126746
	126747
	126748
	126749
126772	126769
126772	126770
126772	126771
	126794
	126795
	126796
	126797
126803	126802
126810	126808
126810	126809
127148	127145
127148	127146
127148	127147
127196	127195
	127232
	127233
	127234
	127235
	127236
	127237
	127340
	127341
	127342
	128206
128351	128348
128351	128349
128351	128350
	128395
128597	128517
128597	128518
128597	128519
128597	128520
128597	128521
128597	128523
	128917
	129052
	129060
129151	129112
	129373
129481	129480
	129685
	129686
	129687
	129688
	129689
	129690
	129691
	129692
	129693
	129694
	129695
	129696
	129697
	129698
	129699
	129700
	129701
130063	129939
130063	129940
130063	129941
130063	129942
130063	129943
130063	129944
130063	129945
130063	129946
130063	129947
130063	129948
130063	129949
130063	129950
130063	129951
130063	129952
130063	129953
130063	129954
130063	129955
130063	129956
130063	129957
130063	129958
130063	129959
130063	129960
130063	129961
130063	129962
130063	129963
130063	129964
130063	129965
130063	129966
130063	129967
130063	129968
130063	129969
130063	129976
130063	129977
130063	129978
130063	129979
130063	129980
130063	129981
130063	129982
130063	129983
130063	129984
130063	129985
130063	129986
	130365
	130366
	130378
130466	130465
	130571
	130584
	130895
	130896
130959	130958
	131257
131302	131289
131302	131290
	131337
	131405
	131567
	131568
	131569
	131570
	131571
	131572
	131603
131686	131685
	131778
	131933
132236	132232
132236	132233
132236	132234
132236	132235
	132249
	132250
	132275
	132437
	132438
	132439
	132440
	132441
	132442
	132443
	132486
	132503
	132509
	132523
	132550
132558	132557
	132570
	132591
	132595
	132598
	132611
	132624
	132683
	132687
	132715
132755	132753
132755	132754
	132773
	132775
	132791
	132819
132864	132861
132864	132862
132864	132863
132878	132877
132887	132886
	132904
132917	132916
	132950
	132951
133052	133051
	133062
	133095
	133119
133127	133126
	133150
	133154
	133156
	133164
	133170
133185	133184
133191	133190
	133219
	133228
133243	133242
	133250
	133251
	133256
	133321
	133346
	133349
133379	133377
133379	133378
	133386
	133403
	133404
133426	133425
	133438
	133444
	133445
	133486
	133520
	133521
133523	133522
133575	133571
133575	133572
133575	133573
	133582
	133583
	133584
	133585
133589	133588
133620	133616
	133630
133667	133666
	133675
	133719
	133888
	133889
	133892
	133893
	133894
	133905
	133912
	133913
	133914
	133915
	133918
	133919
	133920
	133943
	133964
	133973
	134020
	134021
	134023
	134024
	134025
	134026
	134027
	134028
	134035
	134042
	134043
	134044
134056	134055
	134064
	134072
	134075
	134091
134093	134092
	134102
	134134
	134170
	134178
	134187
	134188
	134189
	134251
134261	134260
	134266
	134268
	134269
	134270
	134277
	134312
134315	134314
	134321
134326	134323
134326	134324
134326	134325
	134334
	134355
	134360
134388	134387
	134396
	134408
	134471
	134473
	134483
	134489
	134490
	134491
	134494
134513	134512
	134515
	134518
	134521
	137947
	137948
	137949
	137950
	137951
	137959
	138867
	138937
	138938
138958	138943
138958	138944
138975	138974
	138980
	138981
	138982
	138983
	138984
	138985
138992	138991
139019	139008
139019	139014
139019	139015
139019	139016
139019	139017
139019	139018
	139025
	139064
	139066
	139067
	139068
	139069
	139101
139198	139115
139198	139116
139198	139187
139198	139188
139197	139189
139197	139190
139197	139191
139197	139192
139197	139193
139198	139194
	139212
	139213
	139221
139249	139245
139249	139246
139287	139283
139287	139284
	139294
	139295
	139296
	139300
	139301
	139304
	139305
	139306
	139307
139311	139308
139311	139309
139311	139310
139313	139312
	139315
	139327
139389	139383
139389	139384
139389	139385
139389	139386
139403	139393
139403	139401
139403	139402
	139405
	139406
	139407
139435	139412
139435	139413
139435	139414
139435	139415
139435	139416
139435	139425
139435	139426
139435	139427
139435	139428
139435	139429
139435	139430
139453	139452
	139463
	139475
	139476
	139477
	139485
	139486
	139487
	139488
	139489
	139490
	139491
	139492
	139493
	139494
	139495
	139496
	139497
	139498
	139499
	139500
139506	139505
139518	139515
139518	139516
139518	139517
139529	139527
139529	139528
139537	139534
139538	139535
139537	139536
139541	139540
	139544
	139545
	139546
	139552
	139554
	139569
	139577
	139578
	139579
	139580
	139581
	139585
139630	139623
139630	139624
139630	139625
	139654
	139657
	139662
	139663
	139664
	139665
	139666
	139667
	139668
	139669
	139670
	139671
	139672
	139673
	139674
	139675
	139676
	139677
	139684
139703	139698
139703	139701
139703	139702
	139706
	139707
	139708
	139709
140024	139724
140024	139725
140024	139726
140024	139727
140024	139728
140024	139729
140024	139730
140024	139731
140024	139732
140024	139733
140024	139734
140024	139735
140024	139736
140024	139737
140024	139738
140024	139739
140024	139740
140024	139741
140024	139742
140024	139743
140024	139744
140024	139745
140024	139746
140024	139747
140024	139748
140024	139749
140024	139750
140024	139751
140024	139752
140024	139753
140024	139754
140024	139755
140024	139756
140024	139757
140024	139758
140024	139759
140024	139760
140024	139761
140024	139762
140024	139763
140024	139764
140024	139765
140024	139766
140024	139767
140024	139768
140024	139769
140024	139770
140024	139771
140024	139772
140024	139773
140024	139774
140024	139775
140024	139776
140024	139777
140024	139778
140024	139779
140024	139780
140024	139781
140024	139782
140024	139783
140024	139784
140024	139785
140024	139786
140024	139787
140024	139788
140024	139789
140024	139790
140024	139791
140024	139792
140024	139793
140024	139794
140024	139795
140024	139796
140024	139797
140024	139798
140024	139799
140024	139800
140024	139801
140024	139802
140024	139803
140024	139804
140024	139805
140024	139806
140024	139807
140024	139808
140024	139809
140024	139810
140024	139811
140024	139919
140024	139920
140024	139921
140024	139922
140024	139923
140024	139924
140024	139925
140024	139926
140024	139927
140024	139928
140024	139929
140024	139930
140024	139931
140024	139932
140024	139933
140024	139934
140024	139935
140024	139936
140024	139937
140024	139938
140024	139939
140024	139940
140024	139941
140024	139942
140024	139943
140024	139944
140024	139945
140024	139946
140024	139947
140024	139948
140024	139949
140024	139950
140024	139951
140024	139952
140024	139953
140024	139954
140024	139955
140024	139956
140024	139957
140024	139958
140024	139959
140024	139960
140024	139961
140024	139962
140024	139963
140024	139964
140024	139965
140024	139966
140024	139967
140024	139968
140024	139969
140024	139970
140024	139971
140024	139972
140024	139973
140024	139974
140024	139975
140024	139976
140024	139977
140024	139978
140024	139979
140024	139980
140024	139981
140024	139982
140024	139983
140024	139984
140024	139985
140024	139986
140024	139987
140024	139988
140024	139989
140024	139990
140024	139991
140024	139992
140024	139993
140024	139994
140024	139995
140024	139996
140024	139997
140024	139998
140024	139999
140024	140000
140024	140001
140024	140002
140024	140003
140024	140004
140024	140005
140024	140006
140024	140007
140024	140008
140024	140009
140024	140010
140024	140011
140024	140012
140024	140013
140024	140014
140024	140015
140024	140016
140024	140017
140024	140018
140024	140019
140050	140049
	140060
140072	140070
140072	140071
140110	140091
140110	140092
140110	140093
140110	140094
140110	140095
140110	140096
140110	140097
140110	140098
140110	140099
140110	140101
140110	140102
140110	140103
140110	140104
140110	140105
140110	140106
140110	140107
140110	140108
	140121
	140126
	140134
140276	140161
140276	140162
140276	140163
140276	140164
140276	140165
140276	140166
140276	140167
140276	140168
140276	140169
140276	140170
140276	140171
140276	140172
140276	140173
140276	140174
140276	140254
140276	140255
140276	140256
140276	140257
140276	140258
140276	140259
140276	140260
140276	140261
140276	140262
140276	140263
140276	140264
140276	140265
140276	140266
140276	140267
140276	140268
140276	140269
140276	140270
140276	140271
140276	140272
140282	140281
140295	140294
140318	140300
140318	140312
140318	140313
140318	140314
140318	140315
140318	140316
	140337
	140338
140345	140339
140345	140340
140345	140341
140345	140342
140345	140343
140345	140344
140351	140350
	140353
	140354
	140355
	140356
	140357
	140358
	140359
	140360
	140361
	140362
	140363
	140364
	140365
	140366
	140367
	140368
	140369
	140370
	140371
	140372
	140373
	140374
	140375
	140376
	140377
	140378
	140379
	140380
	140381
	140382
	140383
	140384
	140385
	140386
	140387
	140388
	140389
	140390
	140391
	140392
	140393
	140394
	140395
	140396
	140397
	140398
140415	140410
140415	140411
140426	140425
140440	140429
140440	140437
140440	140438
140502	140485
140502	140486
140502	140487
140502	140488
140502	140489
140502	140490
140502	140491
140502	140492
140502	140493
140502	140494
140502	140495
140502	140496
	140513
	140514
	140515
	140516
	140517
	140518
	140519
	140535
	140541
140598	140583
140598	140584
140598	140585
140598	140586
140598	140587
140598	140588
140598	140589
140598	140590
140598	140591
140598	140592
140598	140593
140598	140594
140598	140595
140598	140596
140598	140597
140610	140609
140613	140612
140621	140620
140626	140625
140634	140632
140634	140633
140659	140653
140659	140654
140659	140655
140682	140678
140682	140679
140682	140680
	140684
	140686
	140687
	140688
	140689
	140691
	140692
	140693
	140711
	140719
	140720
	140721
	140722
	140723
140725	140724
140732	140731
140761	140759
140775	140773
140775	140774
142230	141990
142230	141996
142230	141998
143155	143151
143155	143152
143168	143167
143177	143175
	143179
143278	143196
143278	143202
143278	143203
143278	143204
	143330
	143331
	143332
	143333
	143334
	143335
	143336
	143337
	143338
	143339
	143340
	143341
	143342
	143343
	143344
	143345
	143346
	143347
	143348
	143366
	143377
	143378
	143391
	143392
	143393
	143394
143396	143395
143494	143408
143494	143409
143494	143473
143494	143474
143494	143475
143494	143476
143494	143477
143494	143478
143494	143479
143494	143480
143494	143481
143494	143482
143494	143483
143494	143484
143494	143485
143494	143486
143494	143487
143494	143488
143494	143489
143494	143490
143532	143530
143532	143531
143538	143537
	143540
	143545
	143546
	143547
143568	143567
	143569
	143574
	143575
143583	143582
143586	143585
143591	143590
143611	143608
143611	143609
143626	143623
143626	143624
143626	143625
	143629
	143630
	143631
	143636
	143637
	143638
	143639
	143640
143650	143647
143650	143649
	143655
	143656
143670	143667
	143682
	143683
	143684
	143685
	143686
	143687
	143688
	143689
	143690
143703	143700
143703	143701
143703	143702
143712	143711
	143717
	143718
143730	143728
143730	143729
	143733
	143734
	143738
143767	143765
143767	143766
143772	143770
143772	143771
	143773
	143774
	143775
	143776
	143785
	143786
	143787
	143796
143803	143800
	143805
143811	143810
143826	143824
	143825
	143829
	143830
	143831
	143832
	143836
143857	143851
143857	143852
143857	143853
143857	143854
143857	143855
143857	143856
	143880
143888	143885
143888	143886
143888	143887
	143891
	143892
	143893
	143894
	143895
143902	143901
	143907
	143909
	143910
	143911
	143917
	143922
	143924
	143925
	143926
144009	143930
144009	143931
144009	143932
144009	143933
144009	143934
144009	143935
144009	143936
144009	143937
144009	143938
144009	143985
144009	143986
144009	143987
144009	143988
144009	143989
144009	143990
144009	143991
144009	143992
144009	143993
144009	143994
144009	143995
144009	143996
144009	143997
144009	143998
144009	143999
144009	144000
144009	144001
	144024
	144025
	144029
	144035
	144070
144080	144078
144080	144079
	144087
	144088
	144089
	144090
	144091
	144092
	144093
	144094
	144095
	144096
	144097
	144098
	144099
	144100
	144101
	144102
	144103
	144104
	144105
	144106
	144107
144138	144131
144138	144132
144138	144133
144138	144134
144138	144135
144141	144139
144141	144140
144163	144162
	144179
	144184
144190	144189
144300	144295
144300	144296
144300	144297
144300	144298
144741	144738
146348	146343
146348	146344
146348	146345
146348	146346
146348	146347
146351	146350
	146375
146382	146381
147194	147193
	150602
	152026
	152396
	152402
	152403
	154386
	154828
	154834
	155119
	155253
	155254
	155308
	155309
	155310
	155311
	155637
	155638
	155639
	155640
	155641
	155642
	155643
	155644
	155645
	156574
156684	156683
	156973
	157347
	157348
	157380
	157609
	157610
	157706
	157822
	157829
157855	157843
157855	157844
157855	157845
	157868
	158594
	158608
159060	159056
159060	159057
159060	159059
	159322
	159332
159360	159357
159800	159794
159800	159795
159800	159796
	159815
	161235
	161609
	162602
	162653
	163557
	164714
	165343
	165344
	165451
	165567
	166348
	166962
	167008
	167009
	167010
	167011
	167012
	167013
	167943
	167944
	168209
	169534
	169535
	171770
	172920
	173068
	173075
	176207
	176271
178802	178797
178802	178798
	178838
	181569
	181943
	182157
	182447
182451	182449
182451	182450
	184911
	184912
	184913
	184914
	184915
	184916
185241	185238
185241	185239
185241	185240
	185742
	185748
185766	185764
	185786
	185791
	185792
	185793
	185810
	185838
	185839
	185840
	185841
	185885
185895	185893
185923	185918
185923	185919
185923	185920
185923	185921
	185978
	186009
186038	186037
186183	186180
186203	186202
	186275
186283	186282
	186346
	186378
	186575
186605	186604
	186664
186773	186769
187296	187295
187408	187406
188575	188574
188589	188577
188589	188587
188595	188594
	188677
	188678
	188679
	188680
188689	188685
188689	188686
188696	188695
	188701
188727	188720
188727	188721
188727	188722
188727	188723
188727	188724
188727	188725
188727	188726
	188798
188877	188876
188883	188882
188934	188932
	188948
	188970
	188980
	189011
	189012
	189013
	189014
	189015
	189018
	189107
189115	189114
189120	189119
	189194
	189195
189391	189390
189393	189392
	189568
189792	189782
189792	189783
189792	189784
189792	189785
189792	189791
189798	189796
189802	189801
189939	189938
189987	189981
189987	189982
189987	189983
189987	189984
190011	190002
190026	190012
190026	190013
190026	190014
190026	190015
190026	190016
190026	190020
190026	190021
190026	190022
190026	190023
190026	190024
190108	190076
190108	190082
190108	190083
190108	190084
190108	190085
190108	190086
190108	190087
	190278
190301	190300
	190356
190470	190463
190470	190464
190470	190465
190470	190466
190470	190467
190533	190527
190533	190528
	190606
	190607
	190746
190828	190827
190872	190867
190872	190868
190872	190869
190871	190870
	190885
	190886
	190887
190947	190943
190947	190944
190947	190945
190947	190946
191019	191018
191021	191020
	191116
	191117
	191121
	191125
	191126
	191127
	191128
	191129
	191130
	191131
	191132
	191133
191146	191145
	191188
	191189
191258	191254
191258	191256
191261	191260
	191321
191339	191338
	191353
	191359
191362	191361
191383	191382
191387	191386
191390	191389
	191416
	191417
	191488
	191489
	191524
191587	191586
	191625
	191740
191817	191812
191817	191813
191817	191815
191979	191950
191979	191951
191979	191952
191979	191953
191979	191954
191979	191955
191979	191956
191979	191957
191979	191958
191979	191959
191979	191960
191979	191961
191979	191962
191979	191963
191979	191964
191979	191965
191979	191966
191979	191967
191979	191968
191979	191969
191979	191970
191979	191971
191979	191972
191979	191973
191979	191974
191979	191975
192016	192008
192016	192009
	192018
	192068
	192069
	192070
	192071
192083	192082
192157	192155
	192279
192385	192384
	192695
	192842
	192843
	192968
	192969
	192984
	192995
	192996
	192997
193022	193020
193022	193021
193106	193105
193112	193111
	193137
	193139
	193140
193144	193143
	193164
193251	193250
	193264
193376	193372
193376	193373
193376	193374
	193383
193404	193403
193409	193407
193409	193408
	193414
	193477
193539	193538
	193563
193641	193640
193652	193651
	193654
193777	193775
193787	193786
	193818
	193819
	193820
	193821
	193878
	193927
	193933
	194003
	194026
	194035
	194038
194097	194094
	194125
	194126
	194127
	194140
	194173
194233	194231
194233	194232
194270	194269
194318	194313
194322	194320
194322	194321
	194348
	194358
	194436
	194509
194566	194564
194566	194565
	194568
	194582
194612	194610
194619	194618
194633	194624
194633	194625
194633	194626
194633	194627
194633	194628
194633	194629
194633	194630
	194838
194841	194840
	194903
	194929
	194948
	195044
	195045
	195046
	195047
	195048
	195049
	195050
	195051
	195052
	195053
	195054
	195055
	195056
	195057
195090	195089
	195093
	195118
	195119
	195120
	195121
195125	195124
	195161
195167	195166
195176	195171
195176	195172
195176	195173
195176	195174
195176	195175
	195247
	195257
	195269
	195271
195309	195301
195309	195302
195309	195307
195309	195308
	195369
195431	195429
195513	195512
	195594
195604	195602
195636	195633
195791	195790
	195809
	195822
	195823
195837	195836
196089	196088
196119	196118
196122	196121
	196128
	196273
197149	196356
197149	196357
197149	196358
197149	196359
197149	196360
197149	196361
197149	196362
197149	196363
197149	196364
197149	196365
197149	196366
197149	196367
197149	196368
197149	196369
197149	196370
197149	196371
197149	196372
197149	196373
197149	196374
197149	196375
197149	196376
197149	196377
197149	196378
197149	196379
197149	196380
197149	196381
197149	196382
197149	196383
197149	196384
197149	196385
197149	196386
197149	196387
197149	196388
197149	196389
197149	196390
197149	196391
197149	196392
197149	196393
197149	196394
197149	196395
197149	196396
197149	196397
197149	196398
197149	196399
197149	196400
197149	196401
197149	196402
197149	196403
197149	196404
197149	196405
197149	196406
197149	196407
197149	196408
197149	196409
197149	196410
197149	196411
197149	196412
197149	196413
197149	196414
197149	196415
197149	196416
197149	196417
197149	196418
197149	196419
197149	196420
197149	196421
197149	196422
197149	196423
197149	196424
197149	196425
197149	196426
197149	196427
197149	196428
197149	196429
197149	196430
197149	196431
197149	196432
197149	196433
197149	196434
197149	196435
197149	196436
197149	196437
197149	196438
197149	196439
197149	196440
197149	196441
197149	196442
197149	196443
197149	196444
197149	196445
197149	196446
197149	196447
197149	196448
197149	196449
197149	196450
197149	196451
197149	196452
197149	196453
197149	196454
197149	196455
197149	196456
197149	196457
197149	196458
197149	196459
197149	196460
197149	196461
197149	196462
197149	196463
197149	196464
197149	196465
197149	196466
197149	196467
197149	196468
197149	196469
197149	196470
197149	196471
197149	196472
197149	196473
197149	196474
197149	196475
197149	196476
197149	196477
197149	196478
197149	196479
197149	196480
197149	196481
197149	196482
197149	196483
197149	196484
197149	196485
197149	196486
197149	196487
197149	196488
197149	196489
197149	196490
197149	196491
197149	196492
197149	196493
197149	196494
197149	196495
197149	196496
197149	196497
197149	196498
197149	196499
197149	196500
197149	196501
197149	196502
197149	196503
197149	196504
197149	196505
197149	196506
197149	196507
197149	196508
197149	196509
197149	196510
197149	196511
197149	196512
197149	196513
197149	196514
197149	196515
197149	196516
197149	196517
197149	196518
197149	196519
197149	196520
197149	196521
197149	196522
197149	196523
197149	196524
197149	196525
197149	196526
197149	196527
197149	196528
197149	196529
197149	196530
197149	196531
197149	196532
197149	196533
197149	196534
197149	196535
197149	196536
197149	196537
197149	196538
197149	196539
197149	196540
197149	196541
197149	196542
197149	196543
197149	196544
197149	196545
197149	196546
197149	196547
197149	196548
197149	196549
197149	196550
197149	196551
197149	196552
197149	196553
197149	196554
197149	196555
197149	196556
197149	196557
197149	196558
197149	196559
197149	196560
197149	196561
197149	196562
197149	196563
197149	196564
197149	196565
197149	196566
197149	196567
197149	196568
197149	196569
197149	196570
197149	196571
197149	196572
197149	196573
197149	196574
197149	196575
197149	196576
197149	196577
197149	196578
197149	196579
197149	196580
197149	196581
197149	196582
197149	196583
197149	196584
197149	196585
197149	196586
197149	196587
197149	196588
197149	196589
197149	196590
197149	196591
197149	196592
197149	196593
197149	196594
197149	196595
197149	196596
197149	196597
197149	196598
197149	196599
197149	196600
197149	196601
197149	196602
197149	196603
197149	196604
197149	196605
197149	196606
197149	196607
197149	196608
197149	196609
197149	196610
197149	196611
197149	196612
197149	196613
197149	196614
197149	196615
197149	196616
197149	196617
197149	196618
197149	196619
197149	196620
197149	196621
197149	196622
197149	196623
197149	196624
197149	196625
197149	196626
197149	196627
197149	196628
197149	196629
197149	196630
197149	196631
197149	196632
197149	196633
197149	196634
197149	196635
197149	196636
197149	196637
197149	196638
197149	196639
197149	196640
197149	196641
197149	196642
197149	196643
197149	196644
197149	196645
197149	196646
197149	196647
197149	196648
197149	196649
197149	196650
197149	196651
197149	196652
197149	196653
197149	196654
197149	196655
197149	196656
197149	196657
197149	196658
197149	196659
197149	196660
197149	196661
197149	196662
197149	196663
197149	196664
197149	196665
197149	196666
197149	196667
197149	196668
197149	196669
197149	196670
197149	196671
197149	196672
197149	196673
197149	196674
197149	196675
197149	196676
197149	196677
197149	196678
197149	196679
197149	196680
197149	196681
197149	196682
197149	196683
197149	196684
197149	196685
197149	196686
197149	196687
197149	196688
197149	196689
197149	196690
197149	196691
197149	196692
197149	196693
197149	196694
197149	196695
197149	196696
197149	196697
197149	196698
197149	196699
197149	196700
197149	196701
197149	196702
197149	196703
197149	196704
197149	196705
197149	196706
197149	196707
197149	196708
197149	196709
197149	196710
197149	196711
197149	196712
197149	196713
197149	196714
197149	196715
197149	196716
197149	196717
197149	196718
197149	196719
197149	196720
197149	196721
197149	196722
197149	196723
197149	196724
197149	196725
197149	196726
197149	196727
197149	196728
197149	196729
197149	196730
197149	196731
197149	196732
197149	196733
197149	196734
197149	196735
197149	196736
197149	196737
197149	196738
197149	196739
197149	196740
197149	196741
197149	196742
197149	196743
197149	196744
197149	196745
197149	196746
197149	196747
197149	196748
197149	196749
197149	196750
197149	196751
197149	196752
197149	196753
197149	196754
197149	196755
197149	196756
197149	196757
197149	196758
197149	196759
197149	196760
197149	196761
197149	196762
197149	196763
197149	196764
197149	196765
197149	196766
197149	196767
197149	196768
197149	196769
197149	196770
197149	196771
197149	196772
197149	196773
197149	196774
197149	196775
197149	196776
197149	196777
197149	196778
197149	196779
197149	196780
197149	196781
197149	196782
197149	196783
197149	196784
197149	196785
197149	196786
197149	196787
197149	196788
197149	196789
197149	196790
197149	196791
197149	196792
197149	196793
197149	196794
197149	196795
197149	196796
197149	196797
197149	196798
197149	196799
197149	196800
197149	196801
197149	196802
197149	196803
197149	196804
197149	196805
197149	196806
197149	196807
197149	196808
197149	196809
197149	196810
197149	196811
197149	196812
197149	196813
197149	196814
197149	196815
197149	196816
197149	196817
197149	196818
197149	196819
197149	196820
197149	196821
197149	196822
197149	196823
197149	196824
197149	196825
197149	196826
197149	196827
197149	196828
197149	196829
197149	196830
197149	196831
197149	196832
197149	196833
197149	196834
197149	196835
197149	196836
197149	196837
197149	196838
197149	196839
197149	196840
197149	196841
197149	196842
197149	196843
197149	196844
197149	196845
197149	196846
197149	196847
197149	196848
197149	196849
197149	196850
197149	196851
197149	196852
197149	196853
197149	196854
197149	196855
197149	196856
197149	196857
197149	196858
197149	196859
197149	196860
197149	196861
197149	196862
197149	196863
197149	196864
197149	196865
197149	196866
197149	196867
197149	196868
197149	196869
197149	196870
197149	196871
197149	196872
197149	196873
197149	196874
197149	196875
197149	196876
197149	196877
197149	196878
197149	196879
197149	196880
197149	196881
197149	196882
197149	196883
197149	196884
197149	196885
197149	196886
197149	196887
197149	196888
197149	196889
197149	196890
197149	196891
197149	196892
197149	196893
197149	196894
197149	196895
197149	196896
197149	196897
197149	196898
197149	196899
197149	196900
197149	196901
197149	196902
197149	196903
197149	196904
197149	196905
197149	196906
197149	196907
197149	196908
197149	196909
197149	196910
197149	196911
197149	196912
197149	196913
197149	196914
197149	196915
197149	196916
197149	196917
197149	196918
197149	196919
197149	196920
197149	196921
197149	196922
197149	196923
197149	196924
197149	196925
197149	196926
197149	196927
197149	196928
197149	196929
197149	196930
197149	196931
197149	196932
197149	196933
197149	196934
197149	196935
197149	196936
197149	196937
197149	196938
197149	196939
197149	196940
197149	196941
197149	196942
197149	196943
197149	196944
197149	196945
197149	196946
197149	196947
197149	196948
197149	196949
197149	196950
197149	196951
197149	196952
197149	196953
197149	196954
197149	196955
197149	196956
197149	196957
197149	196958
197149	196959
197149	196960
197149	196961
197149	196962
197149	196963
197149	196964
197149	196965
197149	196966
197149	196967
197149	196968
197149	196969
197149	196970
197149	196971
197149	196972
197149	196973
197149	196974
197149	196975
197149	196976
197149	196977
197149	196978
197149	196979
197149	196980
197149	196981
197149	196982
197149	196983
197149	196984
197149	196985
197149	196986
197149	196987
197149	196988
197149	196989
197149	196990
197149	196991
197149	197129
197149	197130
197149	197131
197149	197132
197149	197133
197149	197134
197149	197135
197149	197136
197176	197172
197176	197173
197183	197181
197183	197182
197192	197190
	197202
	197206
	197306
	197319
	197337
	197338
	197342
	197358
	197359
	197360
	197361
	197362
197387	197386
	197414
197471	197470
	197511
	197546
	197564
	197574
	197575
	197576
	197577
	197581
	197601
	197602
	197728
	197729
	197749
197760	197759
	197772
	197773
	197800
	197893
197895	197894
	197941
	197942
	198026
	198161
	198252
198262	198260
198262	198261
198443	198442
	198476
198516	198512
198514	198513
198518	198517
198538	198537
	198547
	198582
	198605
198649	198647
198657	198656
198671	198667
	198715
	198748
	198749
	198750
	198775
	198791
198828	198827
198831	198830
	198901
198918	198915
198918	198916
198944	198923
198944	198924
198944	198925
198944	198926
198944	198927
198944	198937
198944	198938
198944	198939
198944	198940
198944	198941
198944	198942
	198943
198949	198948
	198994
199024	199022
199024	199023
199027	199026
	199041
199057	199056
	199134
199164	199163
199186	199185
	199204
	199283
	199301
	199302
	199327
199329	199328
	199348
	199349
	199350
	199351
	199352
	199353
	199354
199366	199365
199394	199393
	199427
	199430
	199431
	199456
	199457
	199458
	199459
199486	199485
	199502
	199532
	199533
	199534
	199535
	199536
	199537
	199538
	199539
	199540
	199541
	199542
	199543
	199544
	199545
	199546
	199547
	199548
	199549
	199550
	199551
	199552
	199553
	199554
	199555
199741	199739
	199856
	199880
	199881
	199882
199913	199912
	199943
199945	199944
	200059
	200177
	200178
200236	200235
	200321
200439	200438
201026	201023
201026	201024
201026	201025
	201264
201271	201270
	201275
	201277
201342	201341
	201356
	201375
201466	201465
201541	201540
201548	201544
201549	201545
201548	201546
	201610
	201611
	201644
	201663
	201664
	201665
201721	201720
	201738
201778	201774
201778	201775
201778	201776
201789	201787
	201887
	201998
202013	202012
202028	202023
202028	202024
202026	202025
202031	202030
202060	202058
202089	202088
202105	202104
202182	202176
202182	202177
202182	202178
202359	202358
202361	202360
	202382
202446	202443
202446	202444
202446	202445
	202572
	202573
	202633
	202665
	202673
	202674
202786	202750
202763	202762
203059	203042
203059	203043
203059	203044
203059	203045
203059	203046
203080	203070
203080	203071
203232	203151
203231	203152
203232	203153
203231	203154
203232	203155
203231	203156
203232	203157
203231	203158
203232	203159
203232	203160
203231	203161
203232	203162
203232	203163
203232	203164
203232	203165
203232	203166
203231	203167
203232	203168
203232	203169
203231	203170
203232	203171
203231	203172
203232	203173
203232	203174
203232	203175
203231	203176
203232	203177
203232	203178
203231	203179
203232	203180
203232	203181
203232	203182
203232	203183
203232	203184
203232	203185
203232	203186
203232	203187
203232	203188
203231	203189
203232	203190
203231	203191
203232	203192
203232	203193
203231	203194
203232	203195
203231	203196
203232	203197
203232	203198
203232	203199
203231	203200
203232	203201
203232	203202
203232	203203
203211	203209
203212	203210
203256	203245
203255	203246
203255	203247
203256	203248
203255	203249
203255	203250
203270	203261
203297	203296
203305	203304
	203314
	203315
203322	203318
203322	203319
203322	203320
	203399
203506	203505
	203538
	203539
	203542
	203553
203566	203565
203582	203579
203588	203587
	203687
	203688
	203689
	203690
	203691
	203692
	203693
	203694
	203695
	203696
	203697
	203698
	203699
	203700
	203701
	203702
	203703
	203704
203721	203719
203724	203723
203727	203725
203727	203726
203732	203731
203748	203747
	203753
	203768
	203772
203796	203795
203800	203797
203800	203798
203800	203799
	203813
	203814
	203839
	203880
	203881
	203882
203933	203932
203939	203938
203944	203943
203948	203947
203973	203966
203973	203967
203973	203968
203973	203969
203973	203970
203973	203971
203973	203972
204009	204003
204037	204036
204069	204068
204075	204073
204081	204077
204080	204078
204080	204079
204093	204091
	204094
204104	204099
204105	204100
204104	204101
204105	204102
204128	204124
204128	204125
	204166
204172	204171
204178	204176
204178	204177
204181	204180
204205	204203
204215	204213
204216	204214
204218	204217
204223	204222
	204232
204238	204237
204240	204239
204259	204257
204259	204258
204263	204262
204278	204268
204278	204269
204278	204270
204278	204271
204278	204272
204278	204273
204278	204274
204278	204275
204278	204276
204298	204291
204298	204292
204298	204293
204298	204294
204298	204295
204298	204296
204326	204325
	204327
	204328
	204330
	204331
204362	204361
204394	204391
204418	204417
	204428
	204437
	204559
	204560
	204578
204583	204582
204642	204641
204676	204671
204684	204683
204820	204819
204831	204829
204845	204836
204845	204837
204845	204838
204845	204839
204845	204840
204845	204841
204845	204842
204845	204843
	204878
204931	204930
204941	204933
204941	204934
204941	204935
204941	204936
204941	204937
204941	204938
204960	204959
	204963
	204970
	204971
	204972
	204973
	204974
	204975
	204983
	204984
	204985
205044	205042
	205058
205076	205075
205087	205086
205101	205100
205104	205103
205135	205107
205135	205108
205135	205109
205135	205110
205135	205111
205135	205112
205135	205113
205135	205114
205135	205115
205135	205116
205135	205117
205135	205118
205135	205119
205135	205120
205135	205121
205135	205122
205135	205123
205135	205124
205135	205125
205135	205126
205135	205127
205135	205128
205135	205129
205132	205130
205132	205131
205134	205133
205137	205136
205139	205138
205141	205140
205146	205145
205155	205152
205155	205153
205155	205154
205164	205162
205164	205163
205168	205166
205169	205167
205176	205174
205178	205177
	205181
	205202
	205203
	205204
	205205
	205206
	205207
	205208
	205209
	205210
205231	205229
205231	205230
205236	205233
205236	205234
205236	205235
205264	205259
205262	205261
205277	205272
205277	205273
205277	205274
205277	205275
205277	205276
205279	205278
205523	205282
205523	205283
205523	205284
205522	205285
205523	205286
205523	205287
205523	205288
205523	205289
205523	205290
205523	205291
205523	205292
205523	205293
205523	205294
205523	205295
205523	205296
205523	205297
205523	205298
205523	205299
205523	205300
205523	205301
205523	205302
205523	205303
205523	205304
205523	205305
205523	205306
205523	205307
205523	205308
205523	205309
205523	205310
205523	205311
205523	205312
205523	205313
205523	205314
205523	205315
205523	205316
205523	205317
205523	205318
205523	205319
205523	205320
205523	205321
205523	205322
205523	205323
205523	205324
205523	205325
205523	205326
205523	205327
205523	205328
205523	205329
205523	205330
205523	205331
205523	205332
205523	205333
205523	205334
205523	205335
205520	205336
205523	205337
205523	205338
205523	205339
205523	205340
205523	205341
205523	205342
205523	205343
205523	205344
205523	205345
205523	205346
205523	205347
205523	205348
205523	205349
205523	205350
205523	205351
205523	205352
205523	205353
205523	205354
205523	205355
205523	205356
205523	205357
205523	205358
205523	205359
205523	205360
205523	205361
205523	205362
205523	205363
205523	205364
205523	205365
205523	205366
205523	205367
205523	205368
205523	205369
205523	205370
205523	205371
205523	205372
205523	205373
205523	205374
205523	205375
205523	205376
205523	205377
205523	205378
205523	205379
205523	205380
205523	205381
205523	205382
205523	205383
205523	205384
205523	205385
205523	205386
205523	205387
205523	205388
205523	205389
205523	205390
205523	205391
205523	205392
205523	205393
205523	205394
205523	205395
205523	205396
205523	205397
205523	205398
205523	205399
205523	205400
205523	205401
205523	205402
205523	205403
205523	205404
205523	205405
205523	205406
205523	205407
205523	205408
205523	205409
205523	205410
205523	205411
205523	205412
205523	205413
205523	205414
205523	205415
205523	205416
205523	205417
205523	205418
205523	205419
205523	205420
205523	205421
205523	205422
205523	205423
205523	205424
205523	205425
205523	205426
205523	205427
205523	205428
205523	205429
205523	205430
205523	205431
205523	205432
205523	205433
205523	205434
205523	205435
205523	205436
205523	205437
205523	205438
205523	205439
205523	205440
205523	205441
205523	205442
205523	205443
205523	205444
205523	205445
205523	205446
205523	205447
205523	205448
205523	205449
205523	205450
205523	205451
205523	205452
205523	205453
205523	205454
205464	205458
205464	205459
205464	205460
205464	205461
205464	205462
205464	205463
205478	205477
205489	205485
205489	205486
205489	205487
205489	205488
205491	205490
205511	205510
205533	205531
205584	205581
205584	205582
205584	205583
205605	205590
205605	205591
205605	205592
205605	205593
205621	205617
205621	205618
205621	205619
205637	205634
205656	205655
205671	205667
205775	205770
205775	205771
205775	205772
205783	205782
205804	205803
	205807
	205808
205815	205814
205828	205826
205828	205827
205833	205832
	205853
	205854
	205855
	205856
	205857
205875	205873
205875	205874
205877	205876
	205888
	205889
205903	205899
205903	205900
205903	205901
205903	205902
205940	205939
205976	205974
	206009
	206021
	206022
206047	206045
	206057
	206058
	206059
206136	206098
206136	206099
206136	206100
206136	206101
206136	206102
206136	206103
206136	206104
206136	206105
206136	206106
206136	206107
206136	206108
206136	206109
206136	206110
206136	206111
206136	206112
206136	206113
206136	206114
206136	206115
206136	206116
206136	206117
206136	206118
206136	206119
206136	206120
206136	206121
206136	206122
206131	206129
206131	206130
206181	206179
206181	206180
	206227
	206256
	206257
206414	206259
206414	206260
206414	206261
206414	206262
206414	206263
206414	206264
206414	206265
206414	206266
206414	206267
206414	206268
206414	206269
206414	206270
206414	206271
206414	206272
206414	206273
206414	206274
206414	206275
206414	206276
206414	206277
206414	206278
206414	206279
206414	206280
206414	206281
206414	206282
206414	206283
206414	206284
206414	206285
206414	206286
206414	206287
206414	206288
206414	206289
206414	206290
206414	206291
206414	206292
206414	206293
206414	206294
206414	206295
206414	206296
206414	206297
206414	206298
206414	206299
206414	206300
206414	206301
206414	206302
206414	206303
206414	206304
206414	206305
206414	206306
206414	206307
206414	206308
206414	206309
206414	206310
206414	206311
206414	206312
206414	206313
206414	206314
206414	206315
206414	206316
206414	206317
206414	206318
206414	206319
206414	206320
206414	206321
206414	206322
206414	206323
206414	206324
206414	206325
206414	206326
206414	206327
206414	206328
206414	206329
206414	206330
206414	206331
206414	206332
206414	206333
206414	206334
206414	206335
206414	206336
206414	206337
206414	206338
206414	206339
206414	206340
206414	206341
206414	206342
206414	206343
206414	206344
206414	206345
206414	206346
206414	206347
206414	206348
206414	206349
206414	206350
206414	206351
206414	206352
206414	206353
206414	206354
206414	206355
206414	206356
206414	206357
206414	206358
206414	206359
206414	206360
206414	206361
206414	206362
206414	206363
206414	206364
206414	206365
206414	206366
206414	206367
206414	206368
206414	206369
206414	206370
206414	206371
206414	206372
206414	206373
206414	206374
206414	206375
206414	206376
206414	206377
206414	206378
206414	206379
206414	206380
206414	206381
206414	206382
206414	206383
206414	206384
206414	206385
206414	206386
206414	206387
206414	206388
206414	206389
206414	206390
206414	206391
206414	206392
206414	206393
206414	206394
206414	206395
206414	206396
206465	206432
206465	206433
206465	206434
206465	206435
206465	206436
206465	206437
206465	206438
206465	206439
206465	206440
206465	206441
206465	206442
206465	206443
206465	206444
206465	206445
206465	206446
206465	206447
206465	206448
206465	206449
206465	206450
206465	206451
206465	206452
206465	206453
206465	206454
206465	206455
206465	206456
206465	206457
206465	206458
206465	206459
206465	206460
206465	206461
206463	206462
206471	206467
206471	206468
206471	206469
206471	206470
206475	206473
206475	206474
206491	206477
206492	206478
206491	206479
206492	206480
206492	206481
206491	206482
206492	206483
206492	206484
	206508
206559	206558
206563	206562
206572	206570
	206577
	206578
	206579
	206580
	206581
	206582
	206596
206606	206601
206606	206602
206606	206603
206621	206620
206660	206649
206660	206650
206660	206651
206660	206652
206660	206653
206660	206654
206660	206655
206660	206656
206693	206691
206726	206720
206725	206721
206725	206722
206755	206754
206776	206775
	206798
206816	206800
206817	206801
206818	206802
206815	206803
206816	206804
206816	206805
206816	206806
206815	206807
206815	206808
206815	206809
206816	206810
206815	206811
206816	206812
206815	206813
206816	206814
206839	206837
206849	206846
206849	206847
206865	206858
206865	206859
206865	206860
206865	206861
206865	206862
206865	206863
206867	206866
207405	207404
	207746
	208782
	208813
208862	208861
209034	209033
	209231
	209420
	209582
	209853
	210081
	210257
	210670
	211016
	211017
211226	211224
	211242
211522	211521
211900	211899
	212488
	212508
	212542
	212812
	212980
	213062
	213087
213472	213470
	213612
213808	213807
214489	214486
214489	214487
214493	214491
	214780
	214781
	214782
	214783
	214784
	214785
	214786
	214787
	214788
	214789
	214790
	214791
	214792
	214793
	214822
	214823
	214824
	214825
	215360
	215361
	215380
	215381
215556	215554
	215922
216039	216038
	216509
216617	216616
216636	216635
	216901
216972	216971
	217057
	217243
	217836
	217837
	218051
	218151
	218273
218291	218290
	218448
	218537
	218622
	218623
	218624
	218625
	218626
	218627
	218628
	218722
	218788
	218801
	218913
219740	219739
	219764
	219766
	219915
	220117
	220118
	220346
220818	220817
	221296
	221353
221463	221462
221548	221547
	221634
	221894
	222126
	222127
	222368
	222500
	222562
223251	223250
	223761
223865	223864
	224053
	224078
	224137
	224254
224315	224314
224345	224342
224345	224343
224544	224541
224544	224542
	224773
224907	224906
	225084
	225186
225322	225321
	225403
	225483
225550	225548
225550	225549
	225571
	225648
	225651
	226010
	226283
226365	226364
	226375
226879	226878
226953	226952
	226974
	227175
	227178
	227256
227983	227982
	228233
	228234
	228235
	228416
	228493
	228501
	228551
	228858
229051	229049
229051	229050
	229112
229190	229189
229322	229321
	229878
	230224
	230331
	230597
	230598
	230599
	230600
	230601
	230610
	230611
	230612
	230613
	230614
	230615
	230616
	230617
	230618
	230619
	230620
	230621
	230622
	230623
	230624
	230625
	230626
	230627
	230628
	230629
	230630
	230631
	230632
	230633
	230634
	230635
	230636
	230637
	230638
	230639
	230640
	230641
	230642
	230643
	230644
	230645
	230646
	230647
	230648
	230649
	230650
	230651
	230652
	230653
	230654
	230655
	230656
	230657
	230658
	230659
	230660
	230661
	230662
	230663
	230664
	230665
	230666
	230667
	230668
	230669
	230670
	230671
	230672
	230673
	230674
	230675
	230676
	230677
	230678
	230679
	230680
	230681
	230682
	230683
	230684
	230685
	230686
	230687
	230688
	230689
	230690
	230691
	230692
	230693
	230694
	230695
	230696
	230697
	230698
230799	230798
	230864
	230974
	230975
231269	231267
231269	231268
231282	231280
	231309
	231356
	231464
	231526
	231972
	232003
	232114
232168	232166
232168	232167
	232310
	232311
	232343
	232344
	232345
	232346
	232347
	232484
	232485
	232526
	232527
	232528
	232554
	232555
	232556
	232557
	232566
	232567
	232726
	232849
	232899
	234255
234635	234630
234635	234631
234635	234632
234635	234633
234635	234634
	235232
	235233
	235234
	235276
	235277
	235324
	235426
	235440
	235454
	236013
	236486
	236487
	236641
	236840
	236841
	236864
236882	236874
236882	236875
236882	236876
236882	236877
236882	236878
236882	236879
236882	236880
236882	236881
	236930
	236973
	236974
	236975
	236976
	236977
	236978
	236979
	236980
	236981
	236982
	236983
	236984
	236985
	236986
	236987
	236988
	236989
	236990
237081	237079
237152	237149
237152	237150
	237158
237188	237184
237188	237185
237188	237186
	237218
	237253
	237368
	237369
	237507
237571	237570
237631	237630
	237786
237834	237816
237834	237817
237834	237818
237834	237819
237834	237820
237834	237821
	237844
	237892
	237904
	237905
	237934
	238031
238060	238058
238060	238059
	238137
	238156
	238209
	238237
	238238
	238278
	238294
	238438
	238454
	238506
	238527
	238575
	238576
	238577
	238578
238581	238580
	238583
	238606
	238679
	238903
238914	238910
238914	238911
238914	238912
	238938
239015	239014
	239024
	239025
239136	239133
	239179
	239295
	239296
	239297
	239298
	239299
	239300
	239301
	239302
	239303
	239304
	239305
	239306
	239307
	239308
	239309
	239310
	239311
	239312
	239313
	239314
	239315
	239465
	239561
	239562
	239563
	239567
	239576
	239638
	239664
	239665
	239713
	239715
	239819
	239820
	239821
	239924
	239925
	239928
	240052
	240107
	240108
	240109
	240110
	240111
	240112
	240113
	240114
	240115
	240116
	240117
	240118
	240119
	240120
	240121
	240122
	240123
	240124
	240125
	240126
	240127
	240128
	240129
	240130
	240131
	240132
	240133
	240134
	240135
	240136
	240137
	240138
	240139
	240140
	240141
	240212
	240566
	240567
	240637
	240638
	240639
	240640
	240641
	240697
	240711
	240932
	240933
240981	240980
	241173
241179	241174
241179	241175
241179	241176
241179	241177
241179	241178
241244	241243
	241302
	241361
	241463
	241480
241621	241620
241643	241642
	241667
	241805
	241806
	241807
	241808
	241809
	241810
	241811
	241812
	241813
	241814
	241815
	241816
	241817
	241818
	241819
	241820
	241821
	241822
	241823
	241824
	241825
	241826
	241827
	241828
	241829
	241830
	241831
	241832
	241833
	241834
	241835
	241836
	241837
	241838
	241839
	241840
	241841
	241842
	241843
	241844
	241845
	241846
	241847
	241848
	241849
	241850
	241851
	241852
	241853
	241854
	241855
	241856
	241857
	241858
	241859
	241860
	241861
	241862
	241863
	241864
	241865
	241866
	241867
	241944
	242044
	242045
	242046
	242047
	242048
	242049
	242050
	242051
	242052
	242065
	242090
	242221
242236	242235
	242305
	242427
	242428
242485	242479
242485	242480
	242593
	242594
	242595
	242596
	242597
	242598
	242599
	242600
	242601
	242602
	242603
	242604
	242605
242614	242613
	242897
	242913
	242914
	242915
242952	242950
242961	242958
242961	242959
242961	242960
243012	243009
	243040
	243093
	243094
	243204
	243300
	243301
	243302
	243303
	243304
	243305
	243306
	243307
	243308
	243309
	243310
	243311
	243312
	243313
	243314
	243315
	243316
	243317
	243318
	243319
	243320
	243321
	243322
	243323
	243324
	243325
	243326
	243513
	243514
	243521
	243567
	243591
243677	243676
	243761
	243762
	243763
243811	243804
243811	243805
243811	243806
243811	243807
243811	243808
	243816
	243834
	243835
	243836
	243837
	243838
	243839
	243840
	243841
	243842
	243843
	243844
	243845
	243846
	243847
	243848
	243849
	243850
	243851
	243852
	243853
	243854
	243855
	243856
	243857
	243858
	243859
	243860
	243861
	243923
243927	243926
243947	243946
243983	243979
243983	243980
243983	243981
243983	243982
	243988
244123	244118
244123	244119
244123	244120
244123	244121
	244157
244210	244209
244341	244337
244341	244338
244341	244339
	244372
	244373
244488	244486
244488	244487
	244499
	244588
244716	244715
	244770
	244771
	244772
	244828
	244829
	244830
	244831
	244832
	244833
	244834
244855	244854
	244942
	244943
245029	245023
245029	245024
245029	245025
245029	245026
245029	245027
245093	245091
245142	245140
245142	245141
245158	245157
	245160
245276	245275
	245600
245620	245617
245620	245618
245620	245619
245626	245621
245626	245622
245626	245623
245626	245624
	245655
	245657
	245667
	245668
	245669
	245670
	245671
	245672
245686	245684
245686	245685
	245889
	245891
245922	245920
	245937
	245938
	245999
	246079
246135	246133
246135	246134
	246192
246283	246282
	246502
	246527
246532	246530
246532	246531
	246598
	246620
	246621
	246622
	246623
	246695
246718	246710
246718	246711
246718	246712
246718	246713
246718	246714
246718	246715
246718	246716
246718	246717
246804	246803
	246815
	246841
	246907
	246918
	246933
	246934
	246935
	246936
	246951
	247113
247135	247134
247137	247136
247243	247241
247288	247287
	247357
	247526
	247527
	247528
	247529
	247530
	247531
	247532
	247533
	247534
	247535
	247536
	247537
	247538
	247539
	247540
	247541
	247542
	247543
	247544
	247545
247594	247592
	247684
	247691
	247699
	247700
	247701
	247702
247746	247745
247764	247763
247771	247770
	247884
	247885
	247908
	247916
	248010
	248011
	248012
	248013
	248014
	248015
248060	248058
248060	248059
248073	248072
	248084
	248122
	248159
	248164
248208	248207
	248260
	248261
	248283
	248316
248341	248339
248341	248340
	248373
	248400
248474	248473
248535	248526
248535	248527
248535	248528
248535	248529
248535	248530
	248649
248927	248681
248927	248682
248927	248683
248927	248684
248927	248685
248927	248686
248927	248687
248927	248688
248927	248689
248927	248690
248927	248691
248927	248692
248927	248693
248927	248694
248927	248695
248927	248696
248927	248697
248927	248698
248927	248699
248927	248700
248927	248701
248927	248702
248927	248703
248927	248704
248927	248705
248927	248706
248927	248707
248927	248708
248927	248709
248927	248710
248927	248711
248927	248712
248927	248713
248927	248714
248927	248715
248927	248716
248927	248717
248927	248718
248927	248719
248927	248720
248927	248721
248927	248722
248927	248723
248927	248724
248927	248725
248927	248726
248927	248727
248927	248728
248927	248729
248927	248730
248927	248731
248927	248732
248927	248733
248927	248734
248927	248735
248927	248736
248927	248737
248927	248738
248927	248739
248927	248740
248927	248741
248927	248742
248927	248743
248927	248744
248927	248745
248927	248746
248927	248747
248927	248748
248927	248749
248927	248750
248927	248751
248927	248752
248927	248753
248927	248754
248927	248755
248927	248756
248927	248757
248927	248758
248927	248759
248927	248760
248927	248761
248927	248762
248927	248763
248927	248764
248927	248765
248927	248766
248927	248767
248927	248768
248927	248769
248927	248770
248927	248771
248927	248772
248927	248773
248927	248774
248927	248775
248927	248776
248927	248777
248927	248778
248927	248779
248927	248780
248927	248781
248927	248782
248927	248783
248927	248784
248927	248785
248927	248786
248927	248787
248927	248788
248927	248789
248927	248790
248927	248791
248927	248792
248927	248793
248927	248794
248927	248795
248927	248796
248927	248797
248927	248798
248927	248799
248927	248800
248927	248801
248927	248802
248927	248803
248927	248804
248927	248805
248927	248806
248927	248807
248927	248808
248927	248809
248927	248810
248927	248811
248927	248812
248927	248813
248927	248814
248927	248815
248927	248816
248927	248817
248927	248818
248927	248819
248927	248820
248927	248821
248927	248822
248927	248823
248927	248824
248927	248825
248927	248826
248927	248827
248927	248828
248927	248829
248927	248830
248927	248831
248927	248832
248927	248833
248927	248834
248927	248835
248927	248836
248927	248837
248927	248838
248927	248839
248927	248840
248927	248841
248927	248842
248927	248843
248927	248844
248927	248845
248927	248846
248927	248847
248927	248848
248927	248849
248927	248850
248927	248851
248927	248852
248927	248853
248927	248854
248927	248855
248927	248856
248927	248857
248927	248858
248927	248859
248927	248860
248927	248861
248927	248862
248927	248863
248927	248864
248927	248865
248927	248866
248927	248867
248927	248868
248927	248869
248927	248870
248927	248871
248927	248872
248927	248873
248927	248874
248927	248875
248927	248876
248927	248877
248927	248878
248927	248879
248927	248880
248927	248881
248927	248882
248927	248883
248927	248884
248927	248885
248927	248886
248927	248887
248927	248888
248927	248889
248927	248890
248927	248891
248927	248892
248927	248893
248927	248894
248927	248895
248927	248896
248927	248897
248927	248898
248927	248899
248927	248900
248927	248901
248927	248902
248927	248903
248927	248904
248927	248905
248927	248906
248927	248907
248927	248908
248927	248909
248927	248910
248927	248911
248927	248912
248927	248913
248927	248914
248927	248915
248927	248916
248927	248917
248927	248918
248927	248919
248927	248920
248927	248921
248927	248922
248927	248923
248927	248924
	248967
	248968
249092	249086
249092	249087
249092	249088
249092	249089
249092	249090
	249159
	249177
	249178
	249179
	249315
	249466
	249467
	249468
	249469
	249470
	249471
	249472
	249473
	249544
	249545
	249546
	249547
	249548
	249549
	249550
249575	249574
	249654
	249655
	249656
249750	249743
249750	249744
249750	249745
249750	249746
249750	249747
249750	249748
249750	249749
	249832
	249863
	250006
	250163
	250164
	250173
250187	250186
	250239
250416	250404
250416	250405
250416	250406
250416	250407
250416	250408
250416	250409
250416	250410
250416	250411
250416	250412
250416	250413
250416	250414
250416	250415
250456	250453
	250504
	250505
	250506
	250659
	250660
	250661
	250662
	250663
	250664
	250665
	250756
250775	250774
250797	250792
250797	250793
250797	250794
250797	250795
250797	250796
	250806
	250807
	250913
	250915
	250916
	250917
	250918
	250919
	250926
251150	251149
	251175
	251273
251353	251349
251445	251444
	251491
	251538
251542	251541
251556	251555
	251564
	251565
	251566
	251567
251606	251605
251633	251631
251633	251632
251665	251663
251740	251739
	251747
	251748
	251749
	251750
	251751
	251752
	251753
	251754
	251755
	251756
	251757
	251758
	251759
	251797
	251806
	251829
	251836
	251837
	251838
	252016
252176	252175
	252201
	252202
	252203
	252204
	252205
	252206
	252207
	252208
	252209
	252210
	252211
	252212
	252213
	252307
	252415
	252584
	252635
	252636
	252637
	252638
	252639
	252640
	252641
	252642
	252704
252740	252738
	252871
252894	252893
	252971
	252972
	252973
	252974
	252975
	252976
	252977
	252987
	253078
	253080
	253081
	253092
	253093
	253094
	253095
	253096
	253097
	253098
	253099
	253100
	253105
	253106
	253107
253124	253123
	253190
	253191
	253192
253324	253323
	253354
	253355
	253375
253377	253376
	253388
253403	253401
	253626
	253627
	253628
253635	253634
	253637
	253685
253840	253839
253850	253844
253850	253845
253850	253846
253850	253847
253850	253848
253850	253849
253892	253891
	253905
253978	253977
	254028
	254029
254075	254073
254075	254074
	254129
	254130
	254131
	254132
	254133
	254134
	254135
	254136
	254137
	254138
	254139
	254140
	254141
	254142
	254143
	254144
	254145
	254176
	254377
	254394
	254395
	254542
	254543
254645	254644
	254787
	254788
	255024
255197	255196
	255252
255385	255379
255385	255380
255385	255381
255385	255382
255385	255383
256201	256200
	256312
	256313
	256314
	256315
256327	256316
	256317
	256318
	256319
	256320
	256321
	256322
	256323
	256324
	256325
	256326
256466	256465
	256738
	256739
	256791
	256792
	256793
	256794
	256795
	256796
	256923
256925	256924
257337	257336
257351	257338
257351	257339
257351	257340
257351	257341
257351	257342
257351	257343
257351	257344
257351	257345
257351	257346
257351	257347
257351	257348
257351	257349
257351	257350
	257352
257549	257548
257552	257551
	257573
	257757
257793	257789
257793	257790
257793	257791
257793	257792
	257822
257833	257832
257981	257979
257981	257980
	258036
258148	258147
258184	258183
258244	258207
258244	258208
258244	258209
258244	258210
258244	258211
258244	258212
258244	258213
258244	258214
258244	258215
258244	258216
258244	258217
258244	258218
258244	258219
258244	258220
258244	258221
258244	258222
258244	258223
258244	258224
258244	258225
258244	258226
258244	258227
258244	258228
258244	258229
258244	258230
258244	258231
258244	258232
258244	258233
258244	258234
258244	258235
258244	258236
258244	258237
258244	258238
258244	258239
258244	258240
258244	258241
258259	258247
258259	258248
258259	258249
258259	258250
258259	258251
258259	258252
258259	258253
258259	258254
258259	258255
258259	258256
258259	258257
258259	258258
	258349
	258350
	258353
	258354
	258355
	258356
	258357
	258358
	258359
	258360
	258361
	258362
	258363
258572	258569
258572	258570
258572	258571
	258600
258636	258635
258760	258757
258760	258758
258760	258759
258794	258789
258794	258790
258794	258791
258794	258792
258794	258793
	258814
	258815
	258816
	258817
	258818
	258819
	258820
	258864
258883	258882
	258929
258956	258955
258959	258957
258959	258958
	258994
	259040
259147	259140
259147	259141
259147	259142
259147	259143
259147	259144
259147	259145
259788	259787
260279	260278
260288	260286
260288	260287
260331	260327
260331	260328
260331	260329
260331	260330
	260332
	260418
260445	260438
260445	260439
260445	260440
260445	260441
260445	260442
260445	260443
260445	260444
260615	260612
260615	260613
260635	260634
260844	260843
260936	260935
260968	260967
260971	260970
260974	260973
261083	261082
261522	261519
261522	261520
261522	261521
261574	261572
261574	261573
	261696
	261697
	261698
	261699
	261700
	261701
	261702
	261710
	261711
	261778
	261779
	261872
	261873
	261874
	261875
	261876
	261877
261903	261902
261930	261929
262190	262189
262731	262730
262765	262753
262765	262754
262765	262755
262765	262756
262765	262757
262765	262758
262765	262759
262765	262760
262765	262761
262765	262762
262765	262763
262765	262764
	262837
263029	263028
263033	263032
263087	263084
263087	263085
263098	263093
263098	263094
263098	263095
263098	263096
263098	263097
263157	263154
263164	263160
263164	263161
263164	263162
263164	263163
263258	263255
263258	263256
263258	263257
263406	263404
263406	263405
	263647
263683	263677
263683	263678
263683	263679
263683	263680
263683	263681
263683	263682
	264158
	264248
	264249
	264250
264873	264871
264873	264872
265090	265088
265095	265094
265101	265098
	265141
	265200
265219	265216
265219	265217
265529	265527
265602	265600
265602	265601
265731	265730
	265959
	265960
	265961
	265962
	265963
	265964
	265965
265969	265968
265974	265973
	265999
266022	266020
266022	266021
	266188
	266189
	266190
	266191
	266192
	266193
	266194
	266195
	266196
	266197
	266198
	266199
	266200
	266201
	266202
	266203
	266204
	266205
	266206
	266207
	266208
	266209
	266210
	266211
	266212
	266233
266398	266396
266398	266397
266404	266403
	266593
266617	266616
266714	266712
266714	266713
	266754
	266755
	266756
	266757
266836	266832
266836	266833
266836	266834
266836	266835
267100	267097
267100	267098
267100	267099
267135	267133
267135	267134
267151	267148
267151	267149
267151	267150
	267271
	268020
	268021
268027	268025
268027	268026
	268030
268033	268032
268108	268106
	268630
	268631
	268632
	268633
	268634
	268635
268639	268638
	268647
	268648
	268649
	268650
	268655
	268661
	268671
	268672
	268673
	268693
	268801
	268826
	268843
	268850
	268882
268919	268917
268919	268918
268998	268997
	269026
	269057
	269155
	269156
269194	269192
269194	269193
269197	269195
269197	269196
	269208
	269284
	269409
	269551
	269574
	269578
	269610
	269611
	269612
	269613
	269614
	269615
	269654
	269655
	269656
	269657
	269658
	269659
	269660
	269661
	269662
	269676
	269677
	269678
	269679
	269680
	269779
	269780
	269781
	269782
	269783
	269784
	269785
	269786
	269787
	269788
	269811
	269812
	269813
	269814
	269815
	269816
	269817
	269818
	269819
	269820
	269821
269836	269835
	269847
	269848
	269925
	269949
	270011
	270037
	270038
	270039
	270058
	270059
	270068
	270069
	270095
	270121
	270122
	270123
	270180
	270215
	270216
	270217
	270229
	270230
	270231
	270232
	270233
	270243
	270246
	270247
	270248
	270257
	270259
	270260
	270262
	270263
	270264
	270267
	270268
	270269
	270270
	270271
	270274
	270275
	270278
	270279
	270280
	270283
	270365
	270388
	270391
	270450
	270451
	270452
	270453
	270454
	270455
	270456
	270457
	270458
	270459
	270460
	270461
	270462
	270463
	270464
	270465
	270466
	270496
	270538
	270539
	270569
	270570
	270571
	270619
	270620
	270621
	270622
270699	270698
270710	270708
270710	270709
	270768
	270769
	270920
	270921
	270922
	270944
	270988
	271042
	271043
	271066
	271068
	271083
	271084
	271099
	271100
	271101
	271204
	271213
	271287
	271288
	271340
	271341
	271342
	271343
	271344
	271345
	271346
	271347
	271348
	271356
	271417
	271418
	271419
	271423
	271424
	271488
271498	271497
	271568
	271581
	271582
	271583
	271629
	271630
	271650
271691	271687
271691	271688
271691	271689
271691	271690
	271699
	271700
	271701
	271702
	271703
	271704
	271705
	271706
	271707
	271708
	271709
	271710
	271711
	271712
	272181
	272182
	272183
	272184
	272185
	272448
	272449
	272450
	272511
	272512
	272574
	272575
	272576
	272577
	272578
	272579
	272580
	272581
	272582
	272583
	272584
	272585
	272626
	272667
	272717
	272771
	272773
	272776
	272777
	272778
	272779
	272780
	272781
	272782
	272793
	272814
	272815
	272816
272835	272834
272850	272836
272850	272837
272850	272838
272850	272839
272850	272840
	272874
	272878
	272881
	272882
	272883
	272886
	272887
	272888
	272889
272897	272896
	273078
	273079
	273080
	273081
	273082
	273083
	273084
	273085
	273086
	273087
	273088
	273089
	273090
	273091
	273092
	273093
	273094
	273095
	273096
	273097
	273098
	273099
	273100
	273101
	273102
	273103
	273104
	273105
	273106
	273107
	273108
	273109
	273110
	273123
	273313
	273314
	273315
	273316
273338	273337
	273344
	273345
	273348
273362	273361
274291	274290
274297	274296
	274311
	274312
	274391
	274413
	274415
	274416
	274417
	274418
	274464
	274554
275251	275250
	275322
	277535
277566	277562
277589	277588
	277684
	277685
	277686
	277687
	277688
	277689
	277699
	277702
	277737
	277738
	277739
	277740
	277741
	277742
	277743
	277794
	277828
	277829
	277830
	277990
277998	277997
	277999
	278000
	278001
	278032
	278084
	278085
	278086
	278087
	278088
	278089
	278090
	278091
	278092
	278093
	278106
	278107
	278108
	278109
	278110
	278111
	278112
	278148
	278358
	278359
	278360
	278361
	278362
	278363
	278364
	278365
	278366
	278367
	278368
	278369
	278370
	278371
	278372
	278373
	278374
	278375
278388	278387
	278393
	278397
	278404
	278430
	278431
	278496
	278497
	278533
	278534
	278535
	278536
	278537
	278538
	278539
	278540
	278541
278570	278569
	278573
	278575
	278628
	278653
	278654
	278655
	278656
	278657
	278658
	278659
	278660
	278661
	278662
	278663
	278664
	278665
	278666
	278667
	278668
	278669
	278670
	278671
	278672
	278673
	278674
	278675
	278676
	278677
	278678
	278679
	278680
	278681
	278682
	278683
	278684
	278685
	278686
	278687
	278688
	278689
	278690
	278691
	278692
	278693
	278694
	278695
	278696
	278697
	278698
	278699
	278700
	278701
	278702
	278703
	278704
	278705
	278706
	278707
	278708
	278709
	278710
	278711
	278712
	278713
	278714
	278715
	278716
	278717
	278741
	278797
	278844
278904	278901
278904	278902
278904	278903
278942	278941
	278970
	279014
	279015
	279016
279085	279084
	279124
	279125
	279126
	279127
	279128
	279129
	279130
	279131
	279132
	279133
	279134
	279135
	279136
	279137
	279138
	279139
	279140
	279141
	279142
	279143
	279144
	279145
	279223
	279224
	279225
	279226
	279391
	279392
	279393
	279394
	279497
	279571
279608	279607
279617	279616
	279630
279863	279862
	279929
	279930
	279966
279969	279968
	279992
	279993
	280072
	280073
	280074
	280075
	280076
	280077
	280078
	280079
	280080
	280081
	280082
	280234
280256	280255
280322	280321
	280443
	280444
	280494
280534	280533
	280546
	280584
	280627
	280628
	280629
	280630
	280657
	280660
	280661
	280662
	280727
	280728
	280847
	280848
	280849
	280850
	280851
	280852
	280853
	280854
	280855
	280856
	280857
	280858
	280859
	280860
	280861
	280862
	280863
	280864
	280865
	280866
	280867
	280868
	280869
	280870
	280871
	280872
	280873
	280874
	280875
	280876
	280877
	280878
	280879
	280880
	280881
	280882
	280883
	280884
	280885
	280886
	280887
	280888
	280889
	280890
	280891
	280892
	280893
	280894
	280895
	280896
	280897
	280898
	280899
	280900
	280901
	280902
	280903
	280904
	280905
	280906
	280907
	280908
	280909
	280910
	280911
	280912
	280913
	280914
	280915
	280916
	280917
	280918
	280919
	280920
	280921
	280922
	280923
	280924
	280925
	280926
	280927
	280928
	280929
	280930
	280931
	280932
	280933
	280934
	280935
	280936
	280937
	280938
	280939
	280940
	280941
	280942
	280943
	280944
	280945
	280946
	280947
	280948
	280949
	280950
	280951
	280952
	280953
	280954
	280955
	280956
	280957
	280958
	280959
	280960
	280961
	280962
	280963
	280964
	280965
	280966
	280967
	280968
	280969
	280970
	280971
	280972
	280973
	280974
	280975
	280976
	280977
	280978
	280979
	280980
	280981
	280982
	280983
	280984
	280985
	280986
	280987
	280988
	280989
	280990
	280991
	280992
	280993
	280994
	280995
	280996
	280997
	280998
	280999
	281000
	281001
	281002
	281003
	281004
	281005
	281006
	281007
	281008
	281009
	281010
	281011
	281012
	281013
	281014
	281015
	281016
	281017
	281018
	281019
	281020
	281021
	281022
	281023
	281024
	281025
	281026
	281027
	281028
	281029
	281030
	281031
	281032
	281033
	281034
	281035
	281036
	281037
	281038
	281039
	281040
	281041
	281042
	281043
	281044
	281045
	281046
	281047
	281048
	281049
	281050
	281051
	281052
	281053
	281054
	281055
	281056
	281057
	281058
	281059
	281060
	281061
	281062
	281063
	281064
	281065
	281066
	281067
	281068
	281069
	281070
	281071
	281072
	281073
	281074
	281075
	281076
	281077
	281078
	281079
	281080
	281081
	281082
	281083
	281084
	281085
	281086
	281087
	281088
	281089
	281090
	281091
	281092
	281093
	281094
	281095
	281096
	281097
	281098
	281099
	281100
	281101
	281102
	281103
	281104
	281105
	281106
	281107
	281108
	281109
	281110
	281111
	281112
	281113
	281114
	281115
	281116
	281117
	281118
	281119
	281120
	281121
	281122
	281123
	281124
	281125
	281126
	281127
	281128
	281129
	281130
	281131
	281132
	281133
	281134
	281135
	281136
	281137
	281138
	281139
	281140
	281212
	281240
	281241
	281242
	281243
	281244
	281245
	281246
	281247
	281248
	281249
	281250
	281251
	281252
	281253
	281254
	281255
	281256
	281275
	281276
	281277
	281278
	281279
	281317
	281341
	281379
	281380
281459	281457
281459	281458
	281469
281510	281509
	281534
	281686
	281831
	281832
	281833
	281834
	281835
	281836
281865	281864
	281959
282177	282174
282177	282175
282177	282176
282190	282185
282190	282186
282190	282187
282190	282188
282260	282259
282307	282306
	282423
	282526
	282561
	282721
	282773
	282774
	282775
	282776
	282853
	282874
	282876
	282877
	282878
	283018
	283049
	283050
	283057
	283058
	283059
	283126
	283199
	283265
	283329
	283330
	283331
	283332
	283333
	283484
	283490
	283491
	283492
	283520
	283529
	283530
	283531
	283532
	283533
	283534
	283535
	283536
	283537
	283601
	283602
	283603
	283604
	283605
	283606
	283607
	283608
	283609
	283610
	283611
	283612
	283613
	283614
	283615
	283616
	283617
	283618
	283619
	283620
	283621
	283622
	283623
	283624
	283625
	283656
	283657
	283658
	283659
	283660
	283661
	283662
	283663
	283664
	283665
	283666
	283667
	283668
	283669
	283670
	283842
	283843
	283844
	283845
	283846
	283847
	283848
	283871
	283872
	283885
	283886
	283887
	284042
	284043
	284044
	284045
	284046
	284047
	284048
	284049
	284050
	284051
	284052
	284053
	284060
	284150
	284151
	284170
	284171
	284172
	284173
	284174
	284219
	284250
	284259
	284288
	284309
	284314
	284315
	284321
	284351
	284354
	284372
	284373
	284374
	284375
	284376
	284377
	284378
	284383
	284384
	284385
	284390
	284430
	284469
	284471
	284478
	284479
	284480
	284481
	284482
	284483
	284484
	284485
	284486
	284487
	284488
	284489
	284491
	284492
	284493
	284494
	284495
	284496
	284497
	284535
	284536
	284537
	284544
	284573
	284574
	284575
	284576
	284577
	284578
	284579
	284580
	284581
	284606
	284607
	284614
	284629
	284642
	284643
	284644
	284645
	284646
	284647
	287038
	287041
	287042
	287043
	287044
	287045
	287046
	287065
	287066
	287081
	287151
	287170
	287171
	287172
	287221
	287238
	287239
	287240
	287242
	287243
	287245
	287246
	287247
	287248
	287249
	287250
	287314
	287315
	287401
	287422
	287440
	287450
	287451
	287452
	287453
	287454
	287455
	287456
	287457
	287458
	287459
	287460
	287461
	287462
	287463
	287464
	287465
	287466
	287467
	287468
	287479
	287480
	287614
	287633
	287634
	287635
	287636
	287637
	287638
	287639
	287640
	287641
	287642
	287643
	287644
	287645
	287646
	287647
	287648
	287649
	287650
	287651
	287652
	287678
	287679
	287686
	287692
	287693
	287694
	287695
	287696
	287697
	287745
	287750
	287763
	287767
	287768
	287769
	287770
	287771
	287772
	287773
	287774
	287775
	287776
	287795
	287806
	287807
	287808
	287814
	287815
	287825
	287826
	287827
	287837
	287845
	287846
	287856
	287857
	287858
	287859
	287860
	287861
	287862
	287863
	287864
	287865
	287866
	287867
	287868
	287869
	287905
	287906
	287927
	287928
	288057
	288058
	288059
	288060
	288061
	288062
	288072
	288087
	288088
	288089
	288090
	288146
	288147
	288148
	288149
	288203
	288204
	288205
	288206
	288210
	288211
	288212
	288213
	288214
	288215
	288216
	288254
	288259
	288288
	288326
	288327
	288328
	288336
	288337
	288338
	288339
	288340
	288341
	288342
	288343
	288344
	288345
	288346
	288347
	288348
	288349
	288350
	288351
	288352
	288353
	288354
	288355
	288356
	288357
	288358
	288359
	288360
	288361
	288362
	288363
	288364
	288365
	288366
	288448
	288449
	288450
	288451
	288452
	288453
	288454
	288455
	288456
	288457
	288458
	288459
	288460
	288461
	288462
	288476
	288477
	288478
	288479
	288480
	288541
	288542
	288543
	288544
	288545
	288546
	288547
	288548
	288549
	288550
	288551
	288552
	288553
	288554
	288555
	288556
	288557
	288558
	288559
	288560
	288561
	288562
	288578
	288579
	288580
	288581
	288582
	288583
	288584
	288585
	288586
	288587
	288588
	288589
	288590
	288630
	288631
	288632
	288745
	288746
	288747
	288748
	288749
	288750
	288751
	288752
	288753
	288754
	288755
	288756
	288757
	288758
	288759
	288760
	288761
	288762
	288802
	288803
	288804
	288805
	288806
	288807
	288808
	288809
	288810
	288811
	288833
	288834
	288835
	288836
	288837
	288843
	288886
	288887
	288888
	288940
	288966
	288967
	288968
	288969
	288970
	288971
	288972
	288973
	289043
	289055
	289079
	289080
	289083
	289085
	289086
	289103
	289104
	289105
	289106
	289107
	289108
	289109
	289110
	289115
	289116
	289117
	289118
	289119
	289120
	289121
	289122
	289162
	289163
	289164
	289165
	289166
	289167
	289168
	289169
	289170
	289171
	289172
	289173
	289174
	289175
	289176
	289177
	289178
	289179
	289180
	289181
	289182
	289183
	289184
	289185
	289186
	289187
	289188
	289189
	289192
	289235
	289280
	289281
	289282
	289283
	289284
	289285
	289286
	289287
	289288
	289289
	289290
	289294
	289297
	289298
	289299
	289300
	289301
	289302
	289303
	289304
	289305
	289306
	289307
	289308
	289309
	289310
	289311
	289312
	289313
	289314
	289325
	289326
	289327
	289328
	289329
	289330
	289331
	289332
	289333
	289334
	289335
	289336
	289337
	289338
	289339
	289340
	289341
	289342
	289343
	289344
	289345
	289346
	289347
	289348
	289349
	289350
	289351
	289352
	289353
	289354
	289355
	289356
	289357
	289358
	289359
	289360
	289361
	289362
	289363
	289364
	289365
	289366
	289367
	289368
	289369
	289370
	289371
	289372
	289373
	289374
	289375
	289376
	289377
	289378
	289379
	289380
	289381
	289382
	289383
	289384
	289385
	289386
	289387
	289388
	289389
	289390
	289391
	289392
	289393
	289394
	289395
	289396
	289397
	289398
	289399
	289400
	289401
	289402
	289403
	289404
	289405
	289406
	289407
	289408
	289409
	289410
	289411
	289412
	289413
	289414
	289415
	289416
	289417
	289418
	289419
	289420
	289421
	289422
	289423
	289424
	289425
	289426
	289427
	289428
	289429
	289430
	289431
	289432
	289433
	289434
	289435
	289436
	289437
	289438
	289439
	289440
	289441
	289442
	289443
	289444
	289445
	289446
	289447
	289448
	289449
	289450
	289451
	289452
	289453
	289454
	289455
	289456
	289457
	289458
	289459
	289460
	289461
	289462
	289463
	289464
	289465
	289466
	289467
	289468
	289469
	289470
	289471
	289472
	289473
	289474
	289475
	289476
	289477
	289478
	289479
	289480
	289481
	289482
	289483
	289484
	289485
	289486
	289487
	289488
	289489
	289490
	289491
	289492
	289493
	289494
	289495
	289496
	289497
	289498
	289499
	289500
	289501
	289502
	289503
	289504
	289505
	289506
	289507
	289508
	289509
	289510
	289511
	289512
	289513
	289514
	289515
	289516
	289517
	289518
	289519
	289520
	289521
	289522
	289523
	289524
	289525
	289526
	289527
	289528
	289529
	289530
	289531
	289532
	289533
	289534
	289535
	289536
	289537
	289538
	289539
	289540
	289541
	289542
	289543
	289544
	289545
	289546
	289547
	289548
	289549
	289550
	289551
	289552
	289553
	289554
	289555
	289556
	289557
	289558
	289559
	289560
	289561
	289562
	289563
	289564
	289565
	289566
	289567
	289568
	289569
	289570
	289571
	289572
	289573
	289574
	289575
	289576
	289577
	289578
	289579
	289580
	289581
	289582
	289583
	289584
	289585
	289586
	289587
	289588
	289589
	289590
	289591
	289592
	289593
	289594
	289595
	289596
	289597
	289598
	289599
	289600
	289601
	289602
	289603
	289604
	289605
	289606
	289607
	289608
	289609
	289610
	289611
	289612
	289613
	289614
	289615
	289616
	289617
	289618
	289619
	289620
	289621
	289622
	289623
	289624
	289625
	289626
	289627
	289628
	289629
	289630
	289631
	289632
	289633
	289634
	289635
	289636
	289637
	289638
	289639
	289640
	289641
	289642
	289643
	289644
	289645
	289646
	289647
	289648
	289649
	289650
	289651
	289652
	289653
	289654
	289655
	289656
	289657
	289658
	289659
	289660
	289661
	289662
	289663
	289664
	289665
	289666
	289667
	289668
	289669
	289670
	289671
	289672
	289673
	289674
	289675
	289676
	289677
	289678
	289679
	289680
	289681
	289682
	289683
	289684
	289685
	289686
	289687
	289688
	289689
	289690
	289691
	289692
	289693
	289694
	289695
	289696
	289697
	289698
	289699
	289700
	289701
	289702
	289703
	289704
	289705
	289706
	289707
	289708
	289709
	289710
	289711
	289712
	289713
	289714
	289715
	289716
	289717
	289718
	289719
	289720
	289721
	289722
	289723
	289724
	289725
	289726
	289727
	289728
	289729
	289730
	289731
	289732
	289733
	289734
	289735
	289736
	289737
	289738
	289739
	289740
	289741
	289742
	289743
	289744
	289745
	289746
	289747
	289748
	289749
	289750
